
##############
# h_nominal # 
##############

#Time 	total case
-1	-6.058657265120559e-10
0	109.12935120174926
1	212.6752236996919
2	178.7958088306728
3	170.56212193805362
4	173.4724164822669
5	228.11166138071792
6	410.1670901289215
7	258.30850060918056
8	328.7241484682438
9	399.74630547326296
10	498.3946017865842
11	224.07737474176156
12	449.57230866848204
13	800.7178344921149
14	774.7192441861444
15	707.1677450921334
16	788.2320202257242
17	1167.3493449002044
18	996.5070945622729
19	907.1255679416045
20	1626.313050548346
21	1699.1094169964563
22	2510.0425973839156
23	2647.299806211209
24	2516.725767626791
25	1744.9590030171312
26	2418.77682150916
27	3012.688472381309
28	3640.216376282886
29	2723.0915565064715
30	2638.048610849888
31	1815.5948839174016
32	1252.5077311819405
33	1902.3088758684535
34	1949.5831706096287
35	1973.930793953572
36	1640.8465323218916
37	1444.1789763970446
38	1225.5366580402915
39	1082.183205222027
40	1038.8355630597798
41	976.911676068019
42	915.9136888426292
43	859.6031512582413
44	808.9625973576403
45	762.3848268598158
46	718.2459385270267
47	676.1625496980341
48	636.244247329254
49	598.6873314675177
50	563.4707739447331
51	530.3978347255688
52	499.2685402714269
53	469.93491593707586
54	442.3002014523736
55	416.2845671807663
56	391.8022895777467
57	368.7625795125714
58	347.07635731810296
59	326.66158585532685
60	307.4437424840071
61	289.35366999966936
62	272.325948212012
63	256.29834025944
64	241.21193932985625
65	227.0113378863025
66	213.6445249065946
67	201.06262314896594
68	189.21961738444224
69	178.07215292220644
70	167.57939290226204
71	157.70289255285752
72	148.40646932009258
73	139.6560687367164
74	131.419634656806
75	123.66698951815488
76	116.36972451057227
77	109.50109721743502
78	103.03593480035488
79	96.95054208724468
80	91.22261470809462
81	85.8311573908577
82	80.75640718884824
83	75.97976130379539
84	71.4837091077643
85	67.25176811112033
86	63.26842364521872
87	59.51907207770273
88	55.989967358036665
89	52.66817070617981
90	49.54150324004877
91	46.59850138609181
92	43.828374891061685
93	41.22096730186604
94	38.76671875923057
95	36.45663097174838
96	34.28223424596945
97	32.235556452636956
98	30.309093802134157
99	28.49578335050319
100	26.78897710381716
101	25.18241765013954
102	23.670215221573017
103	22.246826096758014
104	20.907032274102676
105	19.645922344978317
106	18.458873475537985
107	17.34153446032724
108	16.28980975995364
109	15.299844483437482
110	14.36801025235036
111	13.490891886816826
112	12.665274882921949
113	11.888133621861925
114	11.156620272406144
115	10.468054338460206
116	9.819912837891025
117	9.209821033466142
118	8.635543733747909
END

##############
# h_beta_0.04725 # 
##############

#Time 	total case
-1	-6.058657265120559e-10
1	205.19415180298225
2	214.49099693059912
3	164.68905629803072
4	148.66864842615234
5	145.69151558373176
6	187.9647473863148
7	329.20418379507987
8	197.36493426106995
9	239.850835345316
10	279.18091094804777
11	335.4032831454024
12	145.81099423608475
13	283.1850580045825
14	485.5085194497601
15	450.0764554786092
16	394.53019671679976
17	423.09555998947417
18	603.5700755143052
19	496.1889740186525
20	435.74783806634605
21	753.9252280011133
22	758.7201905570291
23	1081.8749365526983
24	1099.5860053096767
25	1007.2893523238836
26	674.367237507653
27	906.521274213168
28	1096.5623179398935
29	1288.3566877357025
30	936.5272873562117
31	884.1563392025564
32	591.4886548330323
33	396.63055829879886
34	587.1781206403757
35	586.0607593361019
36	577.941489507928
37	467.09470332256024
38	398.9561704888001
39	328.4910701942863
40	281.94255741621237
41	263.613831934661
42	241.6778736205415
43	220.86193621230996
44	201.8985155943301
45	184.94567183054824
46	169.6354137895578
47	155.5814392020875
48	142.6239888641685
49	130.6965755281708
50	119.75928273118552
51	109.7495457236073
52	100.58519199742295
53	92.18728533252215
54	84.48725176550215
55	77.4270071190258
56	70.95495474529889
57	65.02304347020254
58	59.586323301813536
59	54.60318475600798
60	50.035560519922
61	45.848752675097785
62	42.011049408789404
63	38.49338188726688
64	35.269070223366725
65	32.31363743266411
66	29.60464646209948
67	27.121538086350483
68	24.84547285919325
69	22.759183720787405
70	20.846842798797297
71	19.093941449464182
72	17.487180963595165
73	16.014372114070284
74	14.66434265690259
75	13.426852362154023
76	12.292515176031884
77	11.252727941977355
78	10.299605124291702
79	9.425918966102472
80	8.625044624030124
81	7.8909098748263204
82	7.217949010508164
83	6.601060581993806
84	6.03556867386942
85	5.517187405836012
86	5.041988399618276
87	4.606370952376892
88	4.207034701423254
89	3.840954575163778
90	3.505357822181395
91	3.197702966059296
92	2.9156605104144546
93	2.6570952569745714
94	2.420050096447085
95	2.202731154138746
96	2.0034941706871905
97	1.8208320197118155
98	1.6533632748032687
99	1.4998217164247762
100	1.3590467277936114
101	1.229974479025259
102	1.111629861909023
103	1.0031190795525617
104	0.9036228723743989
105	0.8123902954430378
106	0.7287330220460717
107	0.6520201176717819
108	0.5816732562198013
109	0.5171623331298179
110	0.458001435155893
111	0.4037451653384778
112	0.3539852549874922
113	0.3083474690283765
114	0.26648877132538473
115	0.22809471726213815
116	0.19287707348848926
117	0.1605716270278208
118	0.1309361875646573
119	0.10374874472108786
END

##############
# h_beta_0.0567 # 
##############

#Time 	total case
-1	-6.058657265120559e-10
1	213.0328821635274
2	241.12015460364265
3	188.5565513380472
4	172.242025950423
5	170.17974804608343
6	225.71768590035356
7	409.43419479101703
8	253.4841225234777
9	315.2001065102488
10	373.8901009416977
11	459.1558866111268
12	204.76937208541813
13	407.1126225340913
14	715.3790367314314
15	679.8716280742356
16	610.2506849126166
17	670.5051740468589
18	980.1797947438117
19	825.77648288005
20	741.7325585638955
21	1311.6958908685392
22	1350.935303908389
23	1969.5157499584438
24	2049.159713373396
25	1921.6532360083256
26	1315.1088210714552
27	1802.0568726556485
28	2219.9917568998317
29	2654.3020690954654
30	1964.2772787794129
31	1884.5098032052592
32	1283.1475767041047
33	875.762389218562
34	1317.3276176415675
35	1336.648222110729
36	1339.9356962520906
37	1102.055783851305
38	959.0392865174508
39	804.6540023963753
40	702.9867709588798
41	668.181484574503
42	622.3659989645894
43	577.8944255292954
44	536.9942630000805
45	500.2301116584058
46	466.62847151822643
47	435.1864970422175
48	405.605872408305
49	377.87039224801265
50	352.02338588902785
51	328.0022532645453
52	305.6567907224962
53	284.8370922928152
54	265.42165462919365
55	247.31762822092423
56	230.44450292317924
57	214.72289402913884
58	200.07434993219795
59	186.4240028448039
60	173.70271257169952
61	161.84715180448984
62	150.7987548599558
63	140.50285777913814
64	130.9082751650276
65	121.96717561680998
66	113.63499046967627
67	105.87023579093511
68	98.63428410267079
69	91.89113955207722
70	85.60724562811083
71	79.75132223356923
72	74.29421759480465
73	69.20876701666566
74	64.4696574674308
75	60.05330007482553
76	55.93771188866231
77	52.10240653051005
78	48.52829265100445
79	45.197579194413265
80	42.09368691579584
81	39.201165818827576
82	36.50561821417796
83	33.993627058815036
84	31.652689191614627
85	29.47115311754169
86	27.4381610137425
87	25.54359467917675
88	23.77802515424264
89	22.13266578628827
90	20.59932847282471
91	19.17038290297205
92	17.838718557984976
93	16.597709311863582
94	15.441180428846565
95	14.363377821653557
96	13.358939389894658
97	12.422868325964373
98	11.550508222964709
99	10.737519889167743
100	9.979859737235529
101	9.273759643161611
102	8.615708187142445
103	8.002433156631014
104	7.43088525517669
105	6.8982229122993886
106	6.401798135142599
107	5.939143317213166
108	5.507958947760926
109	5.106102164230833
110	4.73157607333269
111	4.382519814411353
112	4.057199281225621
113	3.7539984958275454
114	3.471411552760401
115	3.2080351282129413
116	2.962561480140721
117	2.733771947627247
118	2.520530872825475
119	2.3217799515259685
END

##############
# h_beta_0.063 # 
##############

#Time 	total case
-1	-6.058657265120559e-10
1	218.25870240349846
2	258.74759908031234
3	204.37215754974073
4	187.87605496687127
5	186.42903622597396
6	251.65159929577067
7	466.4404579248014
8	294.31024863388734
9	370.776279571387
10	444.4428117249131
11	552.9069686771268
12	250.43431188861996
13	505.027135501608
14	900.5579866405615
15	868.3489079697592
16	790.2615074798068
17	880.8199091265842
18	1306.4683947015683
19	1116.8187634431306
20	1016.635231743694
21	1821.154670524882
22	1901.4200475178823
23	2808.7244048949215
24	2963.228009260005
25	2817.6945976359348
26	1953.5132579371602
27	2707.3498342703388
28	3371.569731478812
29	4073.571289797208
30	3047.2172283302934
31	2951.9891409240663
32	2031.5462444770965
33	1401.3774235069432
34	2128.2605493355004
35	2181.00452272081
36	2208.107589130341
37	1835.3878560552985
38	1615.282934707844
39	1370.628038356408
40	1210.2110451960907
41	1161.6530046670377
42	1092.3335292937263
43	1024.0575929636107
44	961.0286368722154
45	904.3446473008662
46	852.209706302332
47	802.8089965024919
48	755.7133867043012
49	711.0443757191242
50	669.0204335915914
51	629.6174997071503
52	592.6154049961915
53	557.7903791725985
54	524.9766921035916
55	494.0657899798098
56	464.9680545168376
57	437.58734046583413
58	411.8218922577071
59	387.57189297392324
60	364.7454075850692
61	343.25890857838385
62	323.0348801572545
63	304.0000019650324
64	286.08452992078674
65	269.222457371201
66	253.35170166527678
67	238.4139881015144
68	224.3545558854239
69	211.12185404245974
70	198.6673156179313
71	186.94519734596543
72	175.91243830423628
73	165.52851407573326
74	155.75528626531013
75	146.55685693967098
76	137.89943429768027
77	129.75120940958732
78	122.08224135985074
79	114.86434859252768
80	108.07100579197868
81	101.67724642760004
82	95.65957108444127
83	89.99586133916455
84	84.66529878025176
85	79.64828876318643
86	74.92638857361453
87	70.48223977665475
88	66.29950452499907
89	62.36280560994055
90	58.6576700375299
91	55.17047590315633
92	51.888402392331045
93	48.79938270544517
94	45.89205973959179
95	43.155744382034754
96	40.58037624094868
97	38.156486691499595
98	35.87516408121155
99	33.72802099047112
100	31.707163399114506
101	29.80516168511531
102	28.015023305037175
103	26.33016709846561
104	24.744399088231148
105	23.25188971226453
106	21.8471523856133
107	20.525023333117133
108	19.280642592086224
109	18.109436149097746
110	17.007099113820004
111	15.969579888042063
112	14.993065264759935
113	14.073966402473161
114	13.208905625768239
115	12.39470400227583
116	11.628369644211489
117	10.90708671217726
118	10.22820504680567
119	9.589230427489383
END

##############
# h_beta_0.0693 # 
##############

#Time 	total case
-1	-6.058657265120559e-10
1	223.48452264397392
2	276.27478171240523
3	220.11064215949006
4	203.44447985101874
5	202.61696269460458
6	278.1971860984147
7	526.243671118835
8	337.8519255785984
9	430.60808726859113
10	520.9052297523449
11	655.7979531429119
12	301.3968665526986
13	615.9287090966154
14	1113.2728066144655
15	1087.632058623135
16	1002.3141529502636
17	1131.9787129624174
18	1701.6596459920402
19	1474.3221571172671
20	1358.607826624373
21	2462.5957322310587
22	2603.483149649417
23	3892.509942228542
24	4159.5512385388465
25	4006.0120406908754
26	2810.5563876012675
27	3935.731958189557
28	4950.30837821561
29	6039.077927966966
30	4562.813952810742
31	4460.218925778667
32	3100.0844181876964
33	2159.6193959472075
34	3308.974939952226
35	3422.2672815180704
36	3496.6948829557223
37	2935.0723379114206
38	2610.12988246484
39	2237.926043800442
40	1995.3585398864961
41	1932.6865752289596
42	1833.3483934754768
43	1734.0664925540186
44	1642.2870799537777
45	1559.960637509299
46	1483.875727705832
47	1410.8541550650552
48	1340.2976197750395
49	1272.6295224906207
50	1208.4248442031676
51	1147.7541607412422
52	1090.2882864846906
53	1035.6907501453534
54	983.7431190531934
55	934.3398696287331
56	887.4047858156991
57	842.8367034958937
58	800.5136244479072
59	760.3111915651243
60	722.1168573275354
61	685.8310987753357
62	651.3618164623331
63	618.6203464353166
64	587.5205032684171
65	557.9795284514694
66	529.9189958030474
67	503.26485713216243
68	477.94699493810185
69	453.8987474914611
70	431.05664259514015
71	409.3602933155489
72	388.75231937856006
73	369.1782295075536
74	350.58626919156814
75	332.9272660685092
76	316.15449308043753
77	300.2235489773302
78	285.0922480460722
79	270.7205130605289
80	257.07027055870276
81	244.10535016182985
82	231.7913892523793
83	220.09574307774892
84	208.98739962613035
85	198.4368985989422
86	188.4162541875703
87	178.8988815569901
88	169.85952695651213
89	161.27420134640124
90	153.12011732009705
91	145.37562916106253
92	138.02017584917485
93	131.03422688745195
94	124.39923080912558
95	118.09756625583395
96	112.11249547284388
97	106.42812012578361
98	101.02933931573352
99	95.90180967352353
100	91.03190745215397
101	86.40669249479834
102	82.01387401459215
103	77.84177806401567
104	73.87931664229836
105	70.1159583300032
106	66.54170040310419
107	63.14704233039811
108	59.92296059963701
109	56.860884799622
110	53.95267489810067
111	51.19059965877386
112	48.567316134125576
113	46.07585018663667
114	43.70957798577729
115	41.46220842524781
116	39.32776643401303
117	37.30057710396068
118	35.375250630502705
119	33.546668000519276
END

##############
# h_beta_0.07875 # 
##############

#Time 	total case
-1	-6.058657265120559e-10
1	231.323253004943
2	302.37756470473505
3	243.5732487928011
4	226.67343394926547
5	226.78304283923796
6	319.1614002118172
7	621.1576259775206
8	408.2274615614897
9	528.2988240537193
10	646.6393305447959
11	827.5331304566816
12	388.16418763858564
13	808.0273828052514
14	1487.6816681501768
15	1479.1341620997136
16	1386.2977577643833
17	1594.0526569473896
18	2440.7754905652637
19	2153.9574504737393
20	2018.202633539011
21	3716.9560605699116
22	3996.810737313939
23	6074.797888425535
24	6605.975079015901
25	6473.322298898434
26	4615.106346984619
27	6553.990049234009
28	8355.420827241956
29	10328.350080289842
30	7910.993616551772
31	7829.190432332252
32	5516.199169268846
33	3894.7363170265016
34	6039.921388866234
35	6325.46456993233
36	6544.373496776403
37	5567.214225826887
38	5021.565877308691
39	4366.495168555979
40	3944.8264964659757
41	3867.8558403556235
42	3712.838257504016
43	3554.325056463538
44	3408.295672097156
45	3278.837279679865
46	3158.729885564273
47	3041.043511074531
48	2924.8396142300044
49	2811.5485143416154
50	2702.8732214880874
51	2599.190870024351
52	2499.8559818682843
53	2404.221934301051
54	2311.964646181412
55	2223.055763671233
56	2137.523072856071
57	2055.2999132089026
58	1976.2438503211888
59	1900.1957722540537
60	1827.0235775948677
61	1756.6245182597777
62	1688.9065484653693
63	1623.7759201322624
64	1561.1352909986163
65	1500.8881568677025
66	1442.9427198713238
67	1387.2124458309263
68	1333.6148192721303
69	1282.070085704996
70	1232.5008447812288
71	1184.832248759747
72	1138.992235593294
73	1094.9115446095238
74	1052.523556344182
75	1011.7641073131817
76	972.5713671769481
77	934.8857706929557
78	898.6499641430564
79	863.8087394995382
80	830.3089554575272
81	798.099456484546
82	767.1309978080972
83	737.3561771872919
84	708.7293705303746
85	681.2066688416526
86	654.7458160390088
87	629.3061483103083
88	604.8485356698802
89	581.3353258526768
90	558.7302902836818
91	536.9985718801327
92	516.1066345592553
93	496.02221443568124
94	476.7142727297032
95	458.1529503468191
96	440.309524077049
97	423.1563643342233
98	406.666894398717
99	390.8155510982033
100	375.5777468989836
101	360.92983335541794
102	346.84906588483136
103	333.31356980087
104	320.30230759401456
105	307.79504739001277
106	295.77233256134787
107	284.2154524474463
108	273.1064141529205
109	262.4279153738753
110	252.16331823298242
111	242.29662407547585
112	232.81244919609162
113	223.69600146941957
114	214.9330578452209
115	206.50994268187787
116	198.4135068889882
117	190.63110784249147
118	183.1505900611519
119	175.9602665969869
END

##############
# h_k_7.5 # 
##############

#Time 	total case
-1	-6.058657265120559e-10
1	218.2587024034887
2	258.74759908037413
3	204.37215754973312
4	187.87605496698075
5	186.4290362260772
6	251.6515992798877
7	466.4404578278295
8	294.3102485003217
9	370.77627930049357
10	444.44281124208055
11	552.9069678017031
12	250.43431132282285
13	505.0271339682754
14	900.557982933642
15	868.3489030884557
16	790.261501527878
17	880.819900293287
18	1306.4683771876535
19	1116.818743369051
20	1016.6352079095795
21	1821.1546155599808
22	1901.41997342777
23	2808.7242668354265
24	2963.227826262555
25	2817.6943825484195
26	1953.5130781515254
27	2707.3495438382924
28	3371.5693178335423
29	4073.570729326071
30	3047.2167635446094
31	2951.988651434891
32	2031.5458778717002
33	1401.377149746775
34	2128.2601045209085
35	2181.0040364002125
36	2208.1070665969455
37	1835.3873951511414
38	1615.2825038452866
39	1370.627651024588
40	1210.2106851485587
41	1161.652643045505
42	1092.3331747702468
43	1024.0572468995597
44	961.0282988155814
45	904.3443163146949
46	852.2093822213283
47	802.8086798843724
48	755.7130781289816
49	711.0440755126765
50	669.020141805202
51	629.6172162881412
52	592.6151299187477
53	557.7901124413329
54	524.9764337188099
55	494.06553990149405
56	464.96781266432663
57	437.587106731371
58	411.8216665197542
59	387.5716751023865
60	364.7451974364376
61	343.25870600377675
62	323.0346849922935
63	303.9998140407988
64	286.0843490609841
65	269.2222833970882
66	253.35153439236456
67	238.41382734548824
68	224.35440145961184
69	211.12170576071367
70	198.66717329058156
71	186.94506078712584
72	175.912307328952
73	165.5283885003155
74	155.75516590890766
75	146.5567416234844
76	137.8993238452531
77	129.75110364829015
78	122.0821401210269
79	114.86425171184237
80	108.07091310732358
81	101.67715778159618
82	95.65948632234358
83	89.99578031120473
84	84.66522134191473
85	79.64821477177611
86	74.92631789307052
87	70.48217227414716
88	66.29944007218
89	62.362744082987774
90	58.65761131401814
91	55.170419867456076
92	51.88834893247986
93	48.79933171212906
94	45.89201110819704
95	43.15569801176025
96	40.5803320347768
97	38.156444555177586
98	35.875123926307424
99	33.727982728218194
100	31.707126947760116
101	29.805126963474322
102	28.014990237992606
103	26.330135610347497
104	24.744369109524996
105	23.251861172699137
106	21.847125222266186
107	20.52499748246919
108	19.28061799443094
109	18.109412746343878
110	17.007076851732563
111	15.969558714044979
112	14.993045127790538
113	14.073947254291852
114	13.208887421773397
115	12.394686696265126
116	11.628353194711963
117	10.907071078341687
118	10.228190190231544
119	9.589216311447672
END

##############
# h_k_9.0 # 
##############

#Time 	total case
-1	-6.058657265120559e-10
1	218.2587024034941
2	258.74759908011504
3	204.37215754884852
4	187.87605496735807
5	186.42903622556855
6	251.65159929007928
7	466.4404578855592
8	294.31024858066985
9	370.77627946233815
10	444.44281153217844
11	552.9069683271014
12	250.43431166284154
13	505.02713488822747
14	900.5579851575349
15	868.348906017186
16	790.261505098978
17	880.8199055934474
18	1306.4683876955432
19	1116.8187554136493
20	1016.6352222093428
21	1821.154648538466
22	1901.4200178814772
23	2808.7243496708033
24	2963.227936060586
25	2817.694511601112
26	1953.51318602245
27	2707.349718097321
28	3371.5695660213823
29	4073.5710656087613
30	3047.217042416465
31	2951.9889451284034
32	2031.546097834951
33	1401.377314002435
34	2128.2603714101206
35	2181.0043281923718
36	2208.1073801174207
37	1835.3876716929663
38	1615.2827623623816
39	1370.6278834239129
40	1210.2109011770808
41	1161.6528600184247
42	1092.3333874838863
43	1024.0574545386698
44	961.0285016490961
45	904.3445149059844
46	852.2095766697093
47	802.8088698548017
48	755.713263274607
49	711.0442556370035
50	669.0203168768057
51	629.6173863395525
52	592.6152949645475
53	557.790272479644
54	524.9765887494723
55	494.0656899480382
56	464.967957775807
57	437.58724697184516
58	411.8218019631895
59	387.5718058250786
60	364.74532352539245
61	343.25882754875056
62	323.0348020908714
63	303.9999267952953
64	286.0844575768715
65	269.22238778110477
66	253.35163475545414
67	238.41392379910394
68	224.35449411533773
69	211.1217947297555
70	198.66725868698268
71	186.9451427228778
72	175.91238591368892
73	165.52846384553413
74	155.75523812230676
75	146.55681081298098
76	137.89939011669776
77	129.75116710529255
78	122.08220086366055
79	114.86430984092294
80	108.07096871767135
81	101.67721096963214
82	95.65953717936645
83	89.99582892777107
84	84.6652678042592
85	79.64825916638074
86	74.92636030097492
87	70.4822127751977
88	66.29947874409845
89	62.36278099892661
90	58.65764654810482
91	55.17045348823012
92	51.88838100816065
93	48.79936230747262
94	45.89204028657696
95	43.155725833028555
96	40.58035855846538
97	38.15646983720944
98	35.8751480190258
99	33.72800568577077
100	31.707148818590213
101	29.805147796680103
102	28.015010077986517
103	26.330154503448284
104	24.744387097205617
105	23.25187829618517
106	21.847141520280275
107	20.52501299220603
108	19.28063275277964
109	18.10942678777792
110	17.007090209212038
111	15.969571418012492
112	14.993057209489052
113	14.073958743654657
114	13.208898343975306
115	12.39469707943499
116	11.628363064621226
117	10.907080458186101
118	10.22819910418184
119	9.58922478108434
END

##############
# h_k_10.0 # 
##############

#Time 	total case
-1	-6.058657265120559e-10
1	218.25870240349846
2	258.74759908031234
3	204.37215754974073
4	187.87605496687127
5	186.42903622597396
6	251.65159929577067
7	466.4404579248014
8	294.31024863388734
9	370.776279571387
10	444.4428117249131
11	552.9069686771268
12	250.43431188861996
13	505.027135501608
14	900.5579866405615
15	868.3489079697592
16	790.2615074798068
17	880.8199091265842
18	1306.4683947015683
19	1116.8187634431306
20	1016.635231743694
21	1821.154670524882
22	1901.4200475178823
23	2808.7244048949215
24	2963.228009260005
25	2817.6945976359348
26	1953.5132579371602
27	2707.3498342703388
28	3371.569731478812
29	4073.571289797208
30	3047.2172283302934
31	2951.9891409240663
32	2031.5462444770965
33	1401.3774235069432
34	2128.2605493355004
35	2181.00452272081
36	2208.107589130341
37	1835.3878560552985
38	1615.282934707844
39	1370.628038356408
40	1210.2110451960907
41	1161.6530046670377
42	1092.3335292937263
43	1024.0575929636107
44	961.0286368722154
45	904.3446473008662
46	852.209706302332
47	802.8089965024919
48	755.7133867043012
49	711.0443757191242
50	669.0204335915914
51	629.6174997071503
52	592.6154049961915
53	557.7903791725985
54	524.9766921035916
55	494.0657899798098
56	464.9680545168376
57	437.58734046583413
58	411.8218922577071
59	387.57189297392324
60	364.7454075850692
61	343.25890857838385
62	323.0348801572545
63	304.0000019650324
64	286.08452992078674
65	269.222457371201
66	253.35170166527678
67	238.4139881015144
68	224.3545558854239
69	211.12185404245974
70	198.6673156179313
71	186.94519734596543
72	175.91243830423628
73	165.52851407573326
74	155.75528626531013
75	146.55685693967098
76	137.89943429768027
77	129.75120940958732
78	122.08224135985074
79	114.86434859252768
80	108.07100579197868
81	101.67724642760004
82	95.65957108444127
83	89.99586133916455
84	84.66529878025176
85	79.64828876318643
86	74.92638857361453
87	70.48223977665475
88	66.29950452499907
89	62.36280560994055
90	58.6576700375299
91	55.17047590315633
92	51.888402392331045
93	48.79938270544517
94	45.89205973959179
95	43.155744382034754
96	40.58037624094868
97	38.156486691499595
98	35.87516408121155
99	33.72802099047112
100	31.707163399114506
101	29.80516168511531
102	28.015023305037175
103	26.33016709846561
104	24.744399088231148
105	23.25188971226453
106	21.8471523856133
107	20.525023333117133
108	19.280642592086224
109	18.109436149097746
110	17.007099113820004
111	15.969579888042063
112	14.993065264759935
113	14.073966402473161
114	13.208905625768239
115	12.39470400227583
116	11.628369644211489
117	10.90708671217726
118	10.22820504680567
119	9.589230427489383
END

##############
# h_k_11.0 # 
##############

#Time 	total case
-1	-6.058657265120559e-10
1	218.2587024035028
2	258.7475990805108
3	204.37215754952285
4	187.8760549674979
5	186.4290362252715
6	251.65159930146774
7	466.44045796405317
8	294.3102486871221
9	370.7762796793595
10	444.4428119188169
11	552.906969026144
12	250.43431211456664
13	505.0271361153468
14	900.5579881220019
15	868.3489099232957
16	790.2615098610813
17	880.8199126588106
18	1306.468401706732
19	1116.818771472701
20	1016.6352412762462
21	1821.1546925101175
22	1901.4200771532887
23	2808.7244601176826
24	2963.2280824591653
25	2817.6946836715615
26	1953.5133298516557
27	2707.3499504433566
28	3371.569896937326
29	4073.5715139845342
30	3047.2174142452204
31	2951.9893367186087
32	2031.5463911192346
33	1401.3775330114222
34	2128.2607272619643
35	2181.004717249285
36	2208.107798144345
37	1835.3880404165247
38	1615.2831070532993
39	1370.6281932889033
40	1210.2111892151006
41	1161.6531493156435
42	1092.3336711035445
43	1024.0577313896647
44	961.0287720952911
45	904.3447796946639
46	852.2098359349839
47	802.809123150153
48	755.7135101350868
49	711.0444958023727
50	669.0205503063771
51	629.6176130747335
52	592.6155150267441
53	557.7904858644324
54	524.9767954577401
55	494.06589001155226
56	464.9681512578536
57	437.58743395871716
58	411.8219825533597
59	387.5719801238447
60	364.7454916447459
61	343.2589896091231
62	323.0349582237104
63	304.00007713469677
64	286.0846022636106
65	269.22252696129726
66	253.35176857402257
67	238.41405240280437
68	224.35461765549553
69	211.1219133563136
70	198.66737254887994
71	186.945251970159
72	175.91249069372134
73	165.52856430587417
74	155.7553344083135
75	146.55690306637553
76	137.89947847864823
77	129.75125171389664
78	122.0822818549641
79	114.86438734523836
80	108.07104286630056
81	101.67728188664478
82	95.65960498950153
83	89.99589374948118
84	84.66532975516748
85	79.64831835882796
86	74.92641684519185
87	70.48226677697676
88	66.29953030591423
89	62.36283022093994
90	58.65769352692587
91	55.17049831702025
92	51.88842377648689
93	48.799403102340875
94	45.89207919263572
95	43.155762929905904
96	40.58039392337378
97	38.156503545862506
98	35.875180143353646
99	33.728036295156926
100	31.707177979667904
101	29.805175573535962
102	28.015036533179227
103	26.33017969460343
104	24.744411080420832
105	23.251901128314785
106	21.847163252037717
107	20.525033672951395
108	19.280652431363706
109	18.109445510461228
110	17.00710801841342
111	15.969588358100737
112	14.99307331883756
113	14.073974061349872
114	13.208912908667116
115	12.394710925174877
116	11.628376224864041
117	10.907092965062475
118	10.228210989400395
119	9.589236072817584
END

##############
# h_k_12.5 # 
##############

#Time 	total case
-1	-6.058657265120559e-10
1	218.2587024035082
2	258.7475990802527
3	204.3721575486435
4	187.876054967884
5	186.42903622588938
6	251.65159931168864
7	466.44045802295386
8	294.3102487675617
9	370.7762798424951
10	444.4428122081249
11	552.9069695509725
12	250.43431245324973
13	505.0271370349619
14	900.5579903459238
15	868.3489128515121
16	790.2615134314738
17	880.8199179583544
18	1306.4684122145236
19	1116.818783516681
20	1016.6352555774047
21	1821.154725489101
22	1901.4201216072815
23	2808.7245429537543
24	2963.228192257331
25	2817.6948127245487
26	1953.5134377239483
27	2707.3501247034037
28	3371.570145125075
29	4073.5718502671625
30	3047.2176931159265
31	2951.9896304120703
32	2031.54661108242
33	1401.3776972681007
34	2128.260994151111
35	2181.005009041386
36	2208.108111664813
37	1835.38831695947
38	1615.2833655703507
39	1370.6284256881918
40	1210.2114052446996
41	1161.6533662885558
42	1092.3338838171621
43	1024.0579390287385
44	961.0289749299118
45	904.3449782870157
46	852.2100303833649
47	802.8093131216665
48	755.7136952806977
49	711.0446759267143
50	669.0207253779517
51	629.6177831261739
52	592.6156800725003
53	557.7906459027581
54	524.976950488388
55	494.0660400580673
56	464.9682963693631
57	437.5875742003118
58	411.82211799568904
59	387.57211084767187
60	364.7456177337008
61	343.2591111540969
62	323.0350753222592
63	304.0001898892515
64	286.08471077951253
65	269.2226313452993
66	253.35186893714126
67	238.41414885644917
68	224.35471031008638
69	211.12200232536998
70	198.66745794531016
71	186.9453339047759
72	175.9125692795933
73	165.52863965110737
74	155.75540662172716
75	146.5569722569926
76	137.89954475010745
77	129.75131516980764
78	122.08234259759774
79	114.86444547322753
80	108.07109847663378
81	101.6773350747244
82	95.65965584765945
83	89.99594236713892
84	84.665376218647
85	79.6483627534617
86	74.92645925306715
87	70.48230727804184
88	66.29956897674128
89	62.36286713797017
90	58.65772876108531
91	55.170531938871136
92	51.88845585328818
93	48.79943369883404
94	45.89210837101564
95	43.155790752280154
96	40.580420447091456
97	38.156528826773865
98	35.87520423719252
99	33.728059251618106
100	31.707199851589394
101	29.8051964067854
102	28.015056373173138
103	26.33019858658372
104	24.744429068116006
105	23.25191825181537
106	21.847179550051806
107	20.52504918379418
108	19.280667189785163
109	18.109459551866166
110	17.007121375892893
111	15.969601062053698
112	14.993085401700228
113	14.073985550669022
114	13.208923830883577
115	12.39472130833019
116	11.628386094787857
117	10.907102346071042
118	10.228219902215642
119	9.58924454242515
END

##############
# h_gamma_7.5e-06 # 
##############

#Time 	total case
-1	-6.058657265120559e-10
1	218.25870240349846
2	258.74761221332585
3	204.37219745372352
4	187.87613924369202
5	186.4291747097916
6	251.6518010488462
7	466.4407343362536
8	294.3106234834561
9	370.7767810545638
10	444.44345246927696
11	552.9077720671607
12	250.43530738469826
13	505.0283451661194
14	900.5594141749607
15	868.3505989984969
16	790.263523950578
17	880.8222936580523
18	1306.4711840263462
19	1116.822016072174
20	1016.6390222870596
21	1821.1590378820438
22	1901.4250539353725
23	2808.7301710425963
24	2963.2346664877296
25	2817.7023343670116
26	1953.522237966772
27	2707.360160928285
28	3371.5814736712746
29	4073.5846165366274
30	3047.2323617025177
31	2952.0062775240367
32	2031.5654985489746
33	1401.3988849202287
34	2128.284221968024
35	2181.0304294934685
36	2208.1358214849315
37	1835.4184950915514
38	1615.3160407928226
39	1370.663641604493
40	1210.2491601238144
41	1161.6936290371086
42	1092.3766580006268
43	1024.103220479832
44	961.0767532757018
45	904.3952389086771
46	852.2627563818678
47	802.8644857120089
48	755.7712932181385
49	711.1046753876799
50	669.0831001439656
51	629.6825050064072
52	592.682719286604
53	557.8599712864088
54	525.0485296261031
55	494.1398394046555
56	465.0442813964328
57	437.6657095490518
58	411.90236763097346
59	387.65443817655614
60	364.82998572223005
61	343.3454824227374
62	323.12341223661497
63	304.0904546552483
64	286.1768655187916
65	269.31663817154185
66	253.44769002159592
67	238.51174648878805
68	224.45404695605976
69	211.22304067057848
70	198.7701609488431
71	187.04966483384487
72	176.01849175068492
73	165.63611766154645
74	155.86440457713616
75	146.66745500180696
76	138.0114775874099
77	129.8646638837381
78	122.19707347000076
79	114.98052529936831
80	108.18849457950273
81	101.79601531528169
82	95.77958863139793
83	90.1170966563077
84	84.78772153692262
85	79.77186918786902
86	75.05109745761729
87	70.60804847805412
88	66.42638496767904
89	62.490730284611345
90	58.78661199611088
91	55.30040876194835
92	52.01930032767996
93	48.93122044704796
94	46.024812570321956
95	43.28938813028799
96	40.71488727616088
97	38.291841918588034
98	36.01134093373548
99	33.864997423195746
100	31.844917884358438
101	29.9436732007307
102	28.154271331019117
103	26.47013160584902
104	24.88506053366291
105	23.39322902780259
106	21.98915097444842
107	20.667663056447054
108	19.423905763134826
109	18.253305526915938
110	17.151557888573734
111	16.114611679018708
112	15.138654109061463
113	14.220096745382762
114	13.35556231602095
115	12.541872276575305
116	11.776035129616503
117	11.055235406194697
118	10.376823317012168
119	9.738305002189009
END

##############
# h_gamma_9e-06 # 
##############

#Time 	total case
-1	-6.058657265120559e-10
1	218.25870240349846
2	258.7476043328512
3	204.3721735108902
4	187.8760886775998
5	186.429091619279
6	251.65167999655728
7	466.44056848960304
8	294.31039857304904
9	370.7764801633234
10	444.4430680211035
11	552.907290031807
12	250.4347100846062
13	505.027619364967
14	900.5585576507647
15	868.3495843768096
16	790.2623140629967
17	880.8208629316141
18	1306.469510422582
19	1116.8200644845201
20	1016.6367479483579
21	1821.156417452392
22	1901.4220500668616
23	2808.726711333298
24	2963.2306721264104
25	2817.6976922994763
26	1953.516849915446
27	2707.3539648939623
28	3371.5744283102285
29	4073.5766204392057
30	3047.2232816167525
31	2951.9959954920705
32	2031.5539460236323
33	1401.3860079773658
34	2128.270018280302
35	2181.014885306133
36	2208.1188819328963
37	1835.400111512521
38	1615.2961769658796
39	1370.6422794586251
40	1210.2262909477067
41	1161.6692541720477
42	1092.3507805085828
43	1024.075843675324
44	961.0478831115179
45	904.364883591028
46	852.2309259512185
47	802.8311917704777
48	755.7365488602591
49	711.0684951012299
50	669.0454996903718
51	629.6435012658039
52	592.6423301122268
53	557.8182153762464
54	525.0054264287464
55	494.0954090228479
56	464.99854449556733
57	437.6186872795952
58	411.854081540645
59	387.60491014042054
60	364.77923787409964
61	343.2935370987543
62	323.0702919199248
63	304.03618191827263
64	286.12146298144944
65	269.26012845772493
66	253.39009571645875
67	238.45309010756318
68	224.39435090440384
69	211.16232722585846
70	198.708452220264
71	186.98698274935305
72	175.9548580271221
73	165.5715537914948
74	155.7989318057953
75	146.60109431478486
76	137.94424969653483
77	129.79658921492228
78	122.12817215014366
79	114.91081715282053
80	108.11799911422713
81	101.7247517190408
82	95.7075757678831
83	90.0443530583143
84	84.71426540195534
85	79.6977183783456
86	74.97626949859841
87	70.53256055284874
88	66.3502539224719
89	62.41397262377723
90	58.70924388706044
91	55.22244603592844
92	51.94075847779459
93	48.852114633715246
94	45.945157624664716
95	43.20919855417742
96	40.63417724771716
97	38.21062529334449
98	35.929631252380204
99	33.78280791158613
100	31.762261459080037
101	29.86056247462693
102	28.07071861543227
103	26.386148917270475
104	24.800659598142374
105	23.30842128531367
106	21.903947583661648
107	20.582074898586143
108	19.337943451377214
109	18.166979404966696
110	17.06487804185599
111	16.02758793576504
112	15.051296046935022
113	14.13241369710886
114	13.267563371366123
115	12.453566292708274
116	11.687430730715278
117	10.966340993516496
118	10.287647069140803
119	9.64885488236905
END

##############
# h_gamma_1e-05 # 
##############

#Time 	total case
-1	-6.058657265120559e-10
1	218.25870240349846
2	258.74759908031234
3	204.37215754974073
4	187.87605496687127
5	186.42903622597396
6	251.65159929577067
7	466.4404579248014
8	294.31024863388734
9	370.776279571387
10	444.4428117249131
11	552.9069686771268
12	250.43431188861996
13	505.027135501608
14	900.5579866405615
15	868.3489079697592
16	790.2615074798068
17	880.8199091265842
18	1306.4683947015683
19	1116.8187634431306
20	1016.635231743694
21	1821.154670524882
22	1901.4200475178823
23	2808.7244048949215
24	2963.228009260005
25	2817.6945976359348
26	1953.5132579371602
27	2707.3498342703388
28	3371.569731478812
29	4073.571289797208
30	3047.2172283302934
31	2951.9891409240663
32	2031.5462444770965
33	1401.3774235069432
34	2128.2605493355004
35	2181.00452272081
36	2208.107589130341
37	1835.3878560552985
38	1615.282934707844
39	1370.628038356408
40	1210.2110451960907
41	1161.6530046670377
42	1092.3335292937263
43	1024.0575929636107
44	961.0286368722154
45	904.3446473008662
46	852.209706302332
47	802.8089965024919
48	755.7133867043012
49	711.0443757191242
50	669.0204335915914
51	629.6174997071503
52	592.6154049961915
53	557.7903791725985
54	524.9766921035916
55	494.0657899798098
56	464.9680545168376
57	437.58734046583413
58	411.8218922577071
59	387.57189297392324
60	364.7454075850692
61	343.25890857838385
62	323.0348801572545
63	304.0000019650324
64	286.08452992078674
65	269.222457371201
66	253.35170166527678
67	238.4139881015144
68	224.3545558854239
69	211.12185404245974
70	198.6673156179313
71	186.94519734596543
72	175.91243830423628
73	165.52851407573326
74	155.75528626531013
75	146.55685693967098
76	137.89943429768027
77	129.75120940958732
78	122.08224135985074
79	114.86434859252768
80	108.07100579197868
81	101.67724642760004
82	95.65957108444127
83	89.99586133916455
84	84.66529878025176
85	79.64828876318643
86	74.92638857361453
87	70.48223977665475
88	66.29950452499907
89	62.36280560994055
90	58.6576700375299
91	55.17047590315633
92	51.888402392331045
93	48.79938270544517
94	45.89205973959179
95	43.155744382034754
96	40.58037624094868
97	38.156486691499595
98	35.87516408121155
99	33.72802099047112
100	31.707163399114506
101	29.80516168511531
102	28.015023305037175
103	26.33016709846561
104	24.744399088231148
105	23.25188971226453
106	21.8471523856133
107	20.525023333117133
108	19.280642592086224
109	18.109436149097746
110	17.007099113820004
111	15.969579888042063
112	14.993065264759935
113	14.073966402473161
114	13.208905625768239
115	12.39470400227583
116	11.628369644211489
117	10.90708671217726
118	10.22820504680567
119	9.589230427489383
END

##############
# h_gamma_1.1e-05 # 
##############

#Time 	total case
-1	-6.058657265120559e-10
1	218.25870240349846
2	258.7475938266622
3	204.372141587481
4	187.87602125725414
5	186.42898083266903
6	251.65151859498496
7	466.4403473611085
8	294.31009869583613
9	370.7760789794488
10	444.4425554309414
11	552.9066473246689
12	250.43391369485244
13	505.02665164269365
14	900.5574156347993
15	868.3482315693782
16	790.260700904395
17	880.8189553293387
18	1306.4672789905599
19	1116.8174624150906
20	1016.6337155545934
21	1821.152923616275
22	1901.4180449911619
23	2808.722098483233
24	2963.2253464269415
25	2817.6915030113014
26	1953.5096660044292
27	2707.345703700081
28	3371.565034710711
29	4073.5659592262964
30	3047.2111751271805
31	2951.9822864515954
32	2031.5385430416427
33	1401.368839163173
34	2128.2510805362253
35	2180.9941602999243
36	2208.0962965143917
37	1835.3756008080018
38	1615.269692685244
39	1370.6137975163365
40	1210.1957997365898
41	1161.6367554852695
42	1092.3162784364904
43	1024.0393426450828
44	961.0093910638243
45	904.3244114793997
46	852.1884871654693
47	802.7868017897781
48	755.6902251491338
49	711.0202569844987
50	668.9953681891493
51	629.5914988947625
52	592.5884806797258
53	557.7625438229443
54	524.9479586901871
55	494.03617190731165
56	464.93756556752487
57	437.55599474252085
58	411.7897041307442
59	387.53887702996144
60	364.71157858306833
61	343.2242814149213
62	322.9994698214723
63	303.96382350967906
64	286.0475984302175
65	269.18478793028044
66	253.31330933516438
67	238.37488789422787
68	224.31476274288434
69	211.0813828188402
70	198.62618105528236
71	186.9034140654985
72	175.87002078759542
73	165.4854766538192
74	155.71164310311724
75	146.51262203276565
76	137.85462145470956
77	129.70583225003793
78	122.03631330533244
79	114.81788286230585
80	108.02401539198763
81	101.62974415496865
82	95.61156951416342
83	89.947372828683
84	84.61633546494704
85	79.59886255313177
86	74.87651115262997
87	70.43192260430078
88	66.24875883353525
89	62.311642405285966
90	58.60610009722586
91	55.1185097839043
92	51.83605042583076
93	48.746655000548344
94	45.838966184455785
95	43.10229464524309
96	40.52657977717172
97	38.10235273936996
98	35.820701670629205
99	33.67323893774301
100	31.652070318508777
101	29.749765984874102
102	27.959333196020452
103	26.27419059208478
104	24.68814400291012
105	23.195363675869885
106	21.790362838553847
107	20.467977530817734
108	19.223347610313795
109	18.051898886216804
110	16.949326293106424
111	15.911578063140041
112	14.934840822941624
113	14.0155255649006
114	13.150254454871174
115	12.335848402042757
116	11.569315367756644
117	10.847839357506018
118	10.168770068747108
119	9.529613136866828
END

##############
# h_gamma_1.25e-05 # 
##############

#Time 	total case
-1	-6.058657265120559e-10
1	218.25870240349846
2	258.7475859472988
3	204.37211764464763
4	187.87597069116202
5	186.42889774215564
6	251.65139754491588
7	466.44018151668
8	294.30987378875966
9	370.7757780948714
10	444.44217099165326
11	552.90616529931
12	250.43331641031
13	505.02592586042874
14	900.556559135046
15	868.3472169799161
16	790.2594910557154
17	880.817524651814
18	1306.4656054457282
19	1116.815510899709
20	1016.631441301537
21	1821.1503032911914
22	1901.4150412461186
23	2808.7186389196304
24	2963.221352237939
25	2817.686861146045
26	1953.5042781897937
27	2707.3395079424517
28	3371.5579896719246
29	4073.557963504365
30	3047.2020954769177
31	2951.972004921736
32	2031.5269910940042
33	1401.3559628858493
34	2128.236877608426
35	2180.9786169768413
36	2208.0793579397723
37	1835.3572183296856
38	1615.249830092289
39	1370.592436749932
40	1210.1729320955128
41	1161.612382319603
42	1092.2904028192643
43	1024.0119679020136
44	960.9805231575738
45	904.2940586284822
46	852.1566594169417
47	802.7535107591466
48	755.6554839397722
49	710.9840800952879
50	668.9577713903709
51	629.5524990788253
52	592.5480957064574
53	557.7207924025715
54	524.9048602790717
55	493.99174661703
56	464.8918340757227
57	437.50897820638784
58	411.7414241067745
59	387.48935540104867
60	364.660837495132
61	343.17234321089927
62	322.9463569910731
63	303.9095586354233
64	285.99220413960575
65	269.12828685516433
66	253.25572406727588
67	238.31624095657025
68	224.25507655109686
69	211.02067965253082
70	198.56448303471552
71	186.84074312419398
72	175.8063986501802
73	165.42092481729924
74	155.64618282158335
75	146.4462742962496
76	137.78740698171896
77	129.63777147317887
78	121.96742635806731
79	114.74818957129901
80	107.95353527399129
81	101.55849640228553
82	95.53957299600006
83	89.87464608222945
84	84.54289669331047
85	79.5247296231828
86	74.80170159379486
87	70.35645360554918
88	66.17264724426786
89	62.23490473662969
90	58.528752520956914
91	55.0405681324919
92	51.757530197821325
93	48.667571360841976
94	45.75933396749315
95	43.02212835739192
96	40.44589359984093
97	38.02116053250211
98	35.73901697607653
99	33.591074986878084
100	31.569440031264094
101	29.666681976334075
102	27.87580778085976
103	26.190235791160376
104	24.60377154458547
105	23.11058500126819
106	21.705189110609354
107	20.382419633169775
108	19.137416158191627
109	17.9656042278948
110	16.86267851505545
111	15.82458699583367
112	14.84751604514895
113	13.92787641378527
114	13.062290022498928
115	12.247577547677793
116	11.480746716726571
117	10.758981313352706
118	10.079630813284894
119	9.440200633442146
END

##############
# h_mu_0.0225 # 
##############

#Time 	total case
-1	-6.058657265120559e-10
1	218.2587024034985
2	260.9231680549444
3	206.88651253988138
4	190.68225381527816
5	189.65434125724892
6	256.6583051993953
7	477.33573106910126
8	302.3811052174067
9	382.0791186614847
10	459.47398095698645
11	573.2973123172601
12	260.51680733722696
13	526.9722257836584
14	943.0774336038639
15	912.6642622491881
16	833.1778991857418
17	931.2511651465747
18	1385.3378653209838
19	1188.3716281140514
20	1085.4690683646568
21	1951.0845386861893
22	2044.4039248125391
23	3030.372399897331
24	3208.984834028688
25	3061.8711004536635
26	2130.2472861524766
27	2963.0521973520554
28	3706.395563976919
29	4499.8211250842
30	3383.153286853172
31	3292.7521879108244
32	2276.658092206504
33	1576.9101220629454
34	2405.2556760399966
35	2477.563135511853
36	2521.0614658611157
37	2105.842198156606
38	1861.2107080946516
39	1585.8842174832316
40	1406.3589197968104
41	1356.2217889891763
42	1281.5647126872136
43	1207.323307019862
44	1138.3955343405541
45	1076.213491233255
46	1018.8477967654471
47	964.2630890880391
48	911.9701290785015
49	862.1179481550498
50	814.985515692184
51	770.5834059677873
52	728.6939797240484
53	689.0872033303021
54	651.5939197663101
55	616.1085121819924
56	582.5468370514136
57	550.8167539274436
58	520.8183084857301
59	492.4520107333956
60	465.62580632000754
61	440.25603013075306
62	416.26490422290226
63	393.5785391902755
64	372.1262399070838
65	351.8407184151438
66	332.65837088150147
67	314.5192228612432
68	297.36666295380564
69	281.1471505017398
70	265.81000307820796
71	251.30725544215238
72	237.59353940443543
73	224.6259571105329
74	212.36394615081372
75	200.7691469725978
76	189.80528008117108
77	179.4380334928428
78	169.63495772951865
79	160.36536601731495
80	151.6002389537316
81	143.3121338636265
82	135.47509910564986
83	128.06459320511203
84	121.05740846907429
85	114.4315987276641
86	108.1664109180274
87	102.24222034562263
88	96.64046942048299
89	91.34360974097217
90	86.33504729354172
91	81.59909064027306
92	77.12090189954324
93	72.88645037582319
94	68.88246870800504
95	65.09641138969164
96	61.516415539736045
97	58.13126379836467
98	54.930349241767544
99	51.90364218738978
100	49.04165881242079
101	46.33543147146702
102	43.77648061880609
103	41.35678826979711
104	39.06877288762189
105	36.90526564029278
106	34.859487956477096
107	32.92503028185456
108	31.095832009188598
109	29.366162485268433
110	27.730603054107632
111	26.184030085380073
112	24.721598907068255
113	23.33872863223951
114	22.031087792667677
115	20.794580768604646
116	19.625334947166266
117	18.519688584216055
118	17.474179321085103
119	16.485533334576758
END

##############
# h_mu_0.027 # 
##############

#Time 	total case
-1	-6.058657265120559e-10
1	218.2587024034985
2	259.61782666427337
3	205.3752848576358
4	188.9935384823575
5	187.71143312269646
6	253.64114240534627
7	470.76815245593457
8	297.51309134440135
9	375.25711596742894
10	450.39456565043656
11	560.9722485829948
12	254.41866532347876
13	513.6919545985265
14	917.3290918966086
15	885.8088833234315
16	807.1530768314615
17	900.6512049939338
18	1337.4547742350705
19	1144.9023220340187
20	1043.6244526701412
21	1872.04643564437
22	1957.362407104556
23	2895.3507150056175
24	3059.167498040395
25	2912.9164974756095
26	2022.3610156056275
27	2806.850120812327
28	3501.6858062038045
29	4238.974761462832
30	3177.374248835542
31	3083.8255338697927
32	2126.238658900402
33	1469.1023403152649
34	2234.9894722059616
35	2295.093466523431
36	2328.318019202474
37	1939.1157123726443
38	1709.4768892461507
39	1452.9662650751925
40	1285.139286396021
41	1235.872134883779
42	1164.408225361396
43	1093.7551736179958
44	1028.383124581902
45	969.5166864517523
46	915.3072712709036
47	863.8550037510431
48	814.7079031560133
49	767.9982380513684
50	723.9676310560462
51	682.6050321306393
52	643.6909235549538
53	606.9988743132417
54	572.36163939166
55	539.6716082278144
56	508.8410656983033
57	479.7751898287679
58	452.3726992260199
59	426.53369181738526
60	402.1659853770834
61	379.1858054501063
62	357.5153465965559
63	337.08088572834095
64	317.81213496931014
65	299.6424236393068
66	282.50891998286534
67	266.35253866725543
68	251.1176572298573
69	236.75181642700045
70	223.20549952004512
71	210.4319793349132
72	198.3871849940333
73	187.02956330233428
74	176.31993410128052
75	166.22134952303895
76	156.69896391039947
77	147.71991450067435
78	139.2532101488323
79	131.26962588769675
80	123.74160258243501
81	116.64315189432818
82	109.94976668983873
83	103.63833673366753
84	97.68706926175219
85	92.07541406129894
86	86.78399274745607
87	81.79453203197045
88	77.08980076493754
89	72.65355057758279
90	68.47045989448088
91	64.52608113639872
92	60.80679091368802
93	57.29974306131771
94	53.992824330431176
95	50.874612614672515
96	47.9343375430326
97	45.16184332234843
98	42.54755369386112
99	40.08243888277502
100	37.75798443291569
101	35.566161810958874
102	33.49940069291915
103	31.550562825854286
104	29.712917373602977
105	27.980117681407137
106	26.346179347412544
107	24.805459557988797
108	23.3526375987567
109	21.982696465900517
110	20.690905542331166
111	19.47280424972996
112	18.32418663938006
113	17.241086858703056
114	16.21976544476638
115	15.256696407668642
116	14.348555042684893
117	13.492206441267626
118	12.684694656709325
119	11.923232489498332
END

##############
# h_mu_0.03 # 
##############

#Time 	total case
-1	-6.058657265120559e-10
1	218.25870240349846
2	258.74759908031234
3	204.37215754974073
4	187.87605496687127
5	186.42903622597396
6	251.65159929577067
7	466.4404579248014
8	294.31024863388734
9	370.776279571387
10	444.4428117249131
11	552.9069686771268
12	250.43431188861996
13	505.027135501608
14	900.5579866405615
15	868.3489079697592
16	790.2615074798068
17	880.8199091265842
18	1306.4683947015683
19	1116.8187634431306
20	1016.635231743694
21	1821.154670524882
22	1901.4200475178823
23	2808.7244048949215
24	2963.228009260005
25	2817.6945976359348
26	1953.5132579371602
27	2707.3498342703388
28	3371.569731478812
29	4073.571289797208
30	3047.2172283302934
31	2951.9891409240663
32	2031.5462444770965
33	1401.3774235069432
34	2128.2605493355004
35	2181.00452272081
36	2208.107589130341
37	1835.3878560552985
38	1615.282934707844
39	1370.628038356408
40	1210.2110451960907
41	1161.6530046670377
42	1092.3335292937263
43	1024.0575929636107
44	961.0286368722154
45	904.3446473008662
46	852.209706302332
47	802.8089965024919
48	755.7133867043012
49	711.0443757191242
50	669.0204335915914
51	629.6174997071503
52	592.6154049961915
53	557.7903791725985
54	524.9766921035916
55	494.0657899798098
56	464.9680545168376
57	437.58734046583413
58	411.8218922577071
59	387.57189297392324
60	364.7454075850692
61	343.25890857838385
62	323.0348801572545
63	304.0000019650324
64	286.08452992078674
65	269.222457371201
66	253.35170166527678
67	238.4139881015144
68	224.3545558854239
69	211.12185404245974
70	198.6673156179313
71	186.94519734596543
72	175.91243830423628
73	165.52851407573326
74	155.75528626531013
75	146.55685693967098
76	137.89943429768027
77	129.75120940958732
78	122.08224135985074
79	114.86434859252768
80	108.07100579197868
81	101.67724642760004
82	95.65957108444127
83	89.99586133916455
84	84.66529878025176
85	79.64828876318643
86	74.92638857361453
87	70.48223977665475
88	66.29950452499907
89	62.36280560994055
90	58.6576700375299
91	55.17047590315633
92	51.888402392331045
93	48.79938270544517
94	45.89205973959179
95	43.155744382034754
96	40.58037624094868
97	38.156486691499595
98	35.87516408121155
99	33.72802099047112
100	31.707163399114506
101	29.80516168511531
102	28.015023305037175
103	26.33016709846561
104	24.744399088231148
105	23.25188971226453
106	21.8471523856133
107	20.525023333117133
108	19.280642592086224
109	18.109436149097746
110	17.007099113820004
111	15.969579888042063
112	14.993065264759935
113	14.073966402473161
114	13.208905625768239
115	12.39470400227583
116	11.628369644211489
117	10.90708671217726
118	10.22820504680567
119	9.589230427489383
END

##############
# h_mu_0.033 # 
##############

#Time 	total case
-1	-6.058657265120559e-10
1	218.25870240349852
2	257.8773715036144
3	203.372516492427
4	186.76520676917914
5	185.15686501285097
6	249.6793967335941
7	462.15283767050255
8	291.1409743265972
9	366.3484355937103
10	438.57076951447243
11	544.9607595836756
12	246.51359664915162
13	496.51021869831766
14	884.0955877115402
15	851.235550978944
16	773.727487158194
17	861.4316037078588
18	1276.2098326692021
19	1089.431064529621
20	990.3495175029966
21	1771.6568370243785
22	1847.0895545595213
23	2724.71261906128
24	2870.3225731136845
25	2725.6113121221206
26	1887.0275585652016
27	2611.4018946528486
28	3246.3167905533155
29	3914.6516622770905
30	2922.4132663789933
31	2825.812441758557
32	1941.0900435398435
33	1336.790443537364
34	2026.6529777107207
35	2072.609346428384
36	2094.1247147858594
37	1737.226791918758
38	1526.2990916564595
39	1292.9754761209042
40	1139.6690863014883
41	1091.9068534795879
42	1024.7334371975594
43	958.8133633129255
44	898.0973694165659
45	843.5655579836821
46	793.4737163613536
47	746.0881260682727
48	701.001057659807
49	658.323597044342
50	618.252406990694
51	580.7514866137499
52	545.6004728563494
53	512.5784569515163
54	481.52141225025116
55	452.32013951352565
56	424.8834815616574
57	399.114320675013
58	374.910734806399
59	352.17326006783696
60	330.810454647537
61	310.7392733541492
62	291.8827152814629
63	274.1680747528444
64	257.5263476765831
65	241.8923718810256
66	227.20497992032324
67	213.4068608268426
68	200.44425640143163
69	188.2666531116265
70	176.8265515967505
71	166.07929942903866
72	155.98294227161387
73	146.49807142421196
74	137.58766806172207
75	129.21695339614234
76	121.35325057600858
77	113.96585799378227
78	107.02593130196328
79	100.50637201918289
80	94.38172207349271
81	88.62806435835955
82	83.22292938867758
83	78.14520774633274
84	73.37506792022032
85	68.89387908368371
86	64.68413848149066
87	60.72940318445035
88	57.014225954408175
89	53.52409499937494
90	50.24537736857019
91	47.165265772724524
92	44.27172861425788
93	41.55346303273109
94	38.99985079589533
95	36.60091684652434
96	34.347290365141816
97	32.230168187539675
98	30.241280430636834
99	28.372858200309565
100	26.617603249571403
101	24.968659482343355
102	23.419586164076463
103	21.964332777366508
104	20.597215374567895
105	19.312894380665966
106	18.106353732655407
107	16.972881279769354
108	15.908050372381695
109	14.90770257114491
110	13.967931393519393
111	13.08506704903266
112	12.255662101815687
113	11.476478000506177
114	10.744472414822667
115	10.056787356326822
116	9.410738003309234
117	8.803802206282853
118	8.233610640934785
119	7.697937537755934
END

##############
# h_mu_0.0375 # 
##############

#Time 	total case
-1	-6.058657265120559e-10
1	218.25870240349857
2	256.57203015329736
3	201.87959162637816
4	185.11132685292057
5	183.26764229890944
6	246.7532744481473
7	455.79565924345
8	286.4492058262301
9	359.80466411832754
10	429.9098788125161
11	533.2608873871095
12	240.7496006008214
13	484.00655814082165
14	859.9682548039341
15	826.2003075293505
16	749.5802523346238
17	833.1579755852335
18	1232.148940383463
19	1049.6162539560391
20	952.1996876564754
21	1699.939877465993
22	1768.5141755352342
23	2603.4240305720195
24	2736.4427477221398
25	2593.1442744408632
26	1791.5501246913045
27	2473.8627119660923
28	3067.1580555038818
29	3687.8741261083305
30	2744.763803591799
31	2646.6291946074343
32	1812.9351818054856
33	1245.4763185082265
34	1883.3080335288032
35	1920.0730491944196
36	1934.1243937366016
37	1599.7725147567253
38	1401.964770088096
39	1184.7015626786742
40	1041.5213911122555
41	995.0878893465488
42	931.1191286525282
43	868.6786278237632
44	811.3628867432271
45	759.9904698470273
46	712.8928979773264
47	668.4511208922559
48	626.2870402866538
49	586.4968379756101
50	549.2468894165067
51	514.485187667764
52	481.99188911185774
53	451.55073666381213
54	423.0006003131275
55	396.2318460297174
56	371.1516540184457
57	347.66206416974455
58	325.66144066365086
59	305.05131215972506
60	285.74139917687717
61	267.64978194839205
62	250.70061409023765
63	234.8224688511982
64	219.94777969415736
65	206.01294970016897
66	192.95845647161332
67	180.72868315879896
68	169.27160184285458
69	158.53846034500748
70	148.48354546663177
71	139.06400641564687
72	130.23969585998566
73	121.97300873587665
74	114.22871966095408
75	106.97382769038086
76	100.17741353195743
77	93.81050861798576
78	87.84597334022692
79	82.25838242364989
80	77.02391678113781
81	72.12026189146854
82	67.52651266899193
83	63.223084497774835
84	59.191629957873374
85	55.414960781650734
86	51.87697468668921
87	48.562586795087554
88	45.45766537784948
89	42.54897166613955
90	39.82410345436074
91	37.2714422744466
92	34.88010388961993
93	32.63989191464498
94	30.541254364376073
95	28.575242941238685
96	26.733474894921528
97	25.008097290730802
98	23.391753537245677
99	21.877552013174864
100	20.45903669881227
101	19.130159637061297
102	17.88525515231595
103	16.719015692200628
104	15.62646918745304
105	14.602957857598085
106	13.644118340802379
107	12.745863087533507
108	11.904362927627517
109	11.116030739067355
110	10.377506146280211
111	9.685641192409093
112	9.037486906192498
113	8.430280727188801
114	7.8614347253751475
115	7.328524553769967
116	6.829279116747784
117	6.361570875145844
118	5.923406777277705
119	5.512919754430186
END

##############
# h_d2_0.0225 # 
##############

#Time 	total case
-1	-6.058657265120559e-10
1	218.25870240349846
2	258.74759664111974
3	204.37215054840118
4	187.87604147896263
5	186.4290142324603
6	251.65156660260686
7	466.44041205313374
8	294.3101865110855
9	370.77619820725386
10	444.44270757343475
11	552.9068376569357
12	250.43414948282543
13	505.02693671951465
14	900.5577450920318
15	868.3486161513811
16	790.2611577260432
17	880.8194931033895
18	1306.4679025434289
19	1116.818183126783
20	1016.6345499143281
21	1821.1538717682088
22	1901.4191130248055
23	2808.7233143783924
24	2963.2267404184495
25	2817.693128353312
26	1953.5115658770374
27	2707.347896835563
28	3371.567522465739
29	4073.5687827468137
30	3047.214398703167
31	2951.9859712145044
32	2031.5427191193958
33	1401.3735309259428
34	2128.256279977264
35	2180.9998641476195
36	2208.1025317911262
37	1835.3823924574026
38	1615.2770609993677
39	1370.6217518333287
40	1210.2043442713257
41	1161.6458885463217
42	1092.3259973278764
43	1024.0496453502492
44	961.0202746074137
45	904.3358720674296
46	852.2005203427325
47	802.7994025394946
48	755.7033879191076
49	711.0339757221518
50	669.0096363882767
51	629.6063096513535
52	592.6038267435652
53	557.7784176476707
54	524.9643524663261
55	494.05307760022697
56	464.9549749472935
57	437.5738994152198
58	411.8080955683399
59	387.557746598075
60	364.7309175663977
61	343.2440810339467
62	323.01972125892644
63	303.9845179259719
64	286.0687269791233
65	269.2063417809986
66	253.335279678824
67	238.39726596277615
68	224.3375398178323
69	211.10455024245312
70	198.64973024249775
71	186.927336509616
72	175.89430806791643
73	165.51012044660456
74	155.7366351839155
75	146.53795428288868
76	137.88028586783912
77	129.73182093453943
78	122.06261848741269
79	114.8444968903641
80	108.05093074122851
81	101.65695342495746
82	95.63906543554913
83	89.97514826085535
84	84.64438339942717
85	79.62717611243716
86	74.90508359350497
87	70.46074731444241
88	66.27782933380513
89	62.34095234959386
90	58.63564327149652
91	55.14828010497149
92	51.86604194132087
93	48.776861885606195
94	45.86938274510612
95	43.1329153150582
96	40.557399113837164
97	38.13336542469915
98	35.8519025096175
99	33.7046228582476
100	31.683632365020458
101	29.781501322519034
102	27.991237102047307
103	26.306258461088873
104	24.720371341565624
105	23.227746098244097
106	21.82289606980339
107	20.500657401178614
108	19.25617005539243
109	18.08485994368675
110	16.982422100380063
111	15.944804856233532
112	14.968194934423082
113	14.04900342253677
114	13.18385257749469
115	12.36956340042525
116	11.603143939209986
117	10.88177828908374
118	10.202816229590098
119	9.563763479294721
END

##############
# h_d2_0.027 # 
##############

#Time 	total case
-1	-6.058657265120559e-10
1	218.25870240349846
2	258.7475981044132
3	204.3721547485385
4	187.87604957193014
5	186.4290274276799
6	251.65158621872752
7	466.4404395767999
8	294.31022378454395
9	370.7762470255125
10	444.44277006520906
11	552.9069162683836
12	250.43424692585677
13	505.0270559892124
14	900.5578900213695
15	868.3487912432956
16	790.2613675787443
17	880.8197427170844
18	1306.4681978376457
19	1116.818531316596
20	1016.634959011275
21	1821.154351021547
22	1901.4196737202074
23	2808.7239686885296
24	2963.2275017229367
25	2817.694009923336
26	1953.512581113555
27	2707.3490592966555
28	3371.568847874023
29	4073.5702869770357
30	3047.216096479686
31	2951.9878730393466
32	2031.5448343338066
33	1401.3758664743
34	2128.2588415926584
35	2181.0026592917493
36	2208.1055661942155
37	1835.3856706159204
38	1615.2805852240053
39	1370.6255237465157
40	1210.208364825965
41	1161.6501582185301
42	1092.330516507609
43	1024.054413918493
44	961.0252919665072
45	904.3411372077098
46	852.2060319180528
47	802.8051589177267
48	755.709387190007
49	711.0402157203207
50	669.01611471051
51	629.6130236841564
52	592.6107736944832
53	557.7855945626216
54	524.9717562486912
55	494.06070502840157
56	464.96282268923824
57	437.5819640451664
58	411.8163735821727
59	387.5662344235898
60	364.7396115773736
61	343.25297756040527
62	323.0288165979
63	303.99380834963813
64	286.07820874433673
65	269.21601113511133
66	253.34513287071604
67	238.40729924602783
68	224.3477494585968
69	211.114932522687
70	198.6602814677608
71	186.93805301119573
72	175.90518620949297
73	165.5211566243088
74	155.74782583274646
75	146.54929587696097
76	137.89177492572344
77	129.74345401934988
78	122.07439221111417
79	114.8564079116477
80	108.06297577213263
81	101.66912922743359
82	95.6513688248815
83	89.98757610784378
84	84.65693262816058
85	79.6398437024327
86	74.91786658088677
87	70.47364279198518
88	66.29083444853313
89	62.3540643062297
90	58.648859331340645
91	55.161597583661205
92	51.87945821216272
93	48.79037437730585
94	45.88298894179752
95	43.14661275522667
96	40.571185390333994
97	38.14723818455241
98	35.865859453217126
99	33.71866173694434
100	31.697750985462335
101	29.795697540292167
102	28.005508824717253
103	26.320603643951472
104	24.73478798981523
105	23.242232266857172
106	21.837449859289336
107	20.515276960795745
108	19.270853577647358
109	18.09960566650261
110	16.997228308217018
111	15.95966987576685
112	14.98311713214207
113	14.063981210521888
114	13.198884406447178
115	12.384647761136875
116	11.618279362170142
117	10.896963342733216
118	10.21804951991362
119	9.57904364776914
END

##############
# h_d2_0.03 # 
##############

#Time 	total case
-1	-6.058657265120559e-10
1	218.25870240349846
2	258.74759908031234
3	204.37215754974073
4	187.87605496687127
5	186.42903622597396
6	251.65159929577067
7	466.4404579248014
8	294.31024863388734
9	370.776279571387
10	444.4428117249131
11	552.9069686771268
12	250.43431188861996
13	505.027135501608
14	900.5579866405615
15	868.3489079697592
16	790.2615074798068
17	880.8199091265842
18	1306.4683947015683
19	1116.8187634431306
20	1016.635231743694
21	1821.154670524882
22	1901.4200475178823
23	2808.7244048949215
24	2963.228009260005
25	2817.6945976359348
26	1953.5132579371602
27	2707.3498342703388
28	3371.569731478812
29	4073.571289797208
30	3047.2172283302934
31	2951.9891409240663
32	2031.5462444770965
33	1401.3774235069432
34	2128.2605493355004
35	2181.00452272081
36	2208.107589130341
37	1835.3878560552985
38	1615.282934707844
39	1370.628038356408
40	1210.2110451960907
41	1161.6530046670377
42	1092.3335292937263
43	1024.0575929636107
44	961.0286368722154
45	904.3446473008662
46	852.209706302332
47	802.8089965024919
48	755.7133867043012
49	711.0443757191242
50	669.0204335915914
51	629.6174997071503
52	592.6154049961915
53	557.7903791725985
54	524.9766921035916
55	494.0657899798098
56	464.9680545168376
57	437.58734046583413
58	411.8218922577071
59	387.57189297392324
60	364.7454075850692
61	343.25890857838385
62	323.0348801572545
63	304.0000019650324
64	286.08452992078674
65	269.222457371201
66	253.35170166527678
67	238.4139881015144
68	224.3545558854239
69	211.12185404245974
70	198.6673156179313
71	186.94519734596543
72	175.91243830423628
73	165.52851407573326
74	155.75528626531013
75	146.55685693967098
76	137.89943429768027
77	129.75120940958732
78	122.08224135985074
79	114.86434859252768
80	108.07100579197868
81	101.67724642760004
82	95.65957108444127
83	89.99586133916455
84	84.66529878025176
85	79.64828876318643
86	74.92638857361453
87	70.48223977665475
88	66.29950452499907
89	62.36280560994055
90	58.6576700375299
91	55.17047590315633
92	51.888402392331045
93	48.79938270544517
94	45.89205973959179
95	43.155744382034754
96	40.58037624094868
97	38.156486691499595
98	35.87516408121155
99	33.72802099047112
100	31.707163399114506
101	29.80516168511531
102	28.015023305037175
103	26.33016709846561
104	24.744399088231148
105	23.25188971226453
106	21.8471523856133
107	20.525023333117133
108	19.280642592086224
109	18.109436149097746
110	17.007099113820004
111	15.969579888042063
112	14.993065264759935
113	14.073966402473161
114	13.208905625768239
115	12.39470400227583
116	11.628369644211489
117	10.90708671217726
118	10.22820504680567
119	9.589230427489383
END

##############
# h_d2_0.033 # 
##############

#Time 	total case
-1	-6.058657265120559e-10
1	218.25870240349846
2	258.7476000562114
3	204.37216034983265
4	187.8760603629238
5	186.42904502315696
6	251.65161237281427
7	466.44047627391205
8	294.3102734832303
9	370.77631211726157
10	444.4428533857258
11	552.907021084759
12	250.4343768502713
13	505.02721501400174
14	900.5580832586375
15	868.3490246973333
16	790.2616473808666
17	880.8200755349744
18	1306.4685915643804
19	1116.818995569669
20	1016.6355044749944
21	1821.1549900271057
22	1901.4204213144494
23	2808.724841101306
24	2963.2285167970585
25	2817.6951853496575
26	1953.5139347607583
27	2707.350609244044
28	3371.5706150846963
29	4073.5722926162452
30	3047.2183601809447
31	2951.9904088076655
32	2031.5476546203936
33	1401.3789805395572
34	2128.262257079463
35	2181.0063861498784
36	2208.109612066459
37	1835.3900414946766
38	1615.2852841916829
39	1370.6305529662932
40	1210.2137255662383
41	1161.6558511155527
42	1092.3365420798218
43	1024.0607720098633
44	961.0319817778873
45	904.3481573940298
46	852.2133806866404
47	802.8128340883268
48	755.7173862185882
49	711.048535717935
50	669.0247524726874
51	629.6219757290382
52	592.6200362967793
53	557.7951637825754
54	524.9816279585211
55	494.07087493117433
56	464.9732863444224
57	437.59271688542503
58	411.8274109343474
59	387.57755152536265
60	364.7512035927648
61	343.264839596377
62	323.04094371660904
63	304.0061955803976
64	286.09085109723674
65	269.22890360727615
66	253.35827045878978
67	238.42067695698643
68	224.36136231223645
69	211.12877556338208
70	198.67434976810182
71	186.952341680706
72	175.91969039790274
73	165.53587152823457
74	155.76274669788836
75	146.564418002381
76	137.90709366962255
77	129.75896479982475
78	122.09009050861641
79	114.87228927339311
80	108.07903581182472
81	101.68536362887244
82	95.66777334398648
83	90.00414656939392
84	84.67366493237205
85	79.65673382279056
86	74.93491056523635
87	70.49083676132432
88	66.30817460145045
89	62.37154691472824
90	58.666480743762804
91	55.17935422154551
92	51.89734657360532
93	48.80839103364269
94	45.90113053738605
95	43.16487600769324
96	40.589567091548815
97	38.16573519735539
98	35.884468710268266
99	33.73738024292106
100	31.716575812766678
101	29.814625829909346
102	28.02453778644849
103	26.339730554100242
104	24.754010187782114
105	23.261547157657333
106	21.856854911893606
107	20.534769705482177
108	19.290431606554193
109	18.119266630601487
110	17.01696991942299
111	15.979489900317276
112	15.003013396213646
113	14.08395159446809
114	13.218926845074748
115	12.404760242367047
116	11.638459926194628
117	10.917210080544464
118	10.238360572548117
119	9.599417206089129
END

##############
# h_d2_0.0375 # 
##############

#Time 	total case
-1	-6.058657265120559e-10
1	218.25870240349846
2	258.7476015195049
3	204.37216454996997
4	187.8760684558914
5	186.42905821948693
6	251.65163198893492
7	466.44050379757823
8	294.31031075780015
9	370.7763609355188
10	444.442915876391
11	552.9070996973182
12	250.43447429441312
13	505.02733428370493
14	900.558228187977
15	868.3491997892515
16	790.2618572335687
17	880.8203251497816
18	1306.4688868586018
19	1116.8193437594764
20	1016.6359135719449
21	1821.1554692804475
22	1901.4209820109718
23	2808.7254954103337
24	2963.2292781026626
25	2817.6960669196706
26	1953.5149499972795
27	2707.3517717051363
28	3371.571940492973
29	4073.5737968464855
30	3047.2200579574346
31	2951.992310632537
32	2031.549769834768
33	1401.3813160890568
34	2128.264818694828
35	2181.0091812940227
36	2208.112646470676
37	1835.3933196531943
38	1615.2888084174265
39	1370.6343248794801
40	1210.2177461208485
41	1161.660120787783
42	1092.3410612595471
43	1024.0655405780926
44	961.0369991370026
45	904.3534225343101
46	852.218892261968
47	802.8185904665515
48	755.7233854905862
49	711.0547757161476
50	669.0312307948625
51	629.6286897629761
52	592.6269832476974
53	557.8023406975553
54	524.9890317408717
55	494.07850235934893
56	464.98113408638164
57	437.600781515328
58	411.83568894710334
59	387.58603935083374
60	364.75989760375523
61	343.27373612392694
62	323.0500390556408
63	304.0154860040202
64	286.10033286132966
65	269.2385729614325
66	253.3681236506527
67	238.43071023914672
68	224.37157195186592
69	211.13915784251003
70	198.6849009933503
71	186.96305818340625
72	175.93056853949383
73	165.5469077059097
74	155.77393734559882
75	146.57575959648238
76	137.91858272750687
77	129.7705978846352
78	122.10186423121195
79	114.8842002946767
80	108.09108084157924
81	101.69753943134856
82	95.68007673333341
83	90.0165744163969
84	84.6862141610909
85	79.6694014128152
86	74.9476935526327
87	70.50373223773204
88	66.3211797150725
89	62.38465887136408
90	58.67969680248643
91	55.192671700249775
92	51.91076284444716
93	48.821903525313246
94	45.91473673407745
95	43.17857344787626
96	40.60335336798744
97	38.17960795726685
98	35.898425652776496
99	33.75141912268009
100	31.73069443323766
101	29.82882204768248
102	28.038809508041595
103	26.354075735842343
104	24.768426836046274
105	23.276033326241304
106	21.871408701423206
107	20.54938926397881
108	19.305115127644967
109	18.13401235449419
110	17.031776126197656
111	15.994354918744648
112	15.01793559503858
113	14.098929382453207
114	13.233958674041787
115	12.419844603020465
116	11.653595349183888
117	10.932395134208491
118	10.253593862857088
119	9.6146973745781
END

##############
# h_delta_0.15 # 
##############

#Time 	total case
-1	-6.058657265120559e-10
1	222.86982740359275
2	263.0480922707193
3	209.52883688148194
4	190.44541973886112
5	187.84230020653922
6	252.51161291668723
7	469.08771690535673
8	298.58272847704893
9	369.3093828631463
10	442.3754403322009
11	550.2743111123964
12	249.39791432882475
13	494.21383292635664
14	886.2022236466864
15	860.8977457564615
16	778.5509257286403
17	861.5971121490074
18	1275.8686594090195
19	1094.8259836106936
20	988.8669992572468
21	1761.4315391928085
22	1849.9189438699996
23	2724.6936999948284
24	2886.7653277821264
25	2736.0708689929706
26	1885.7713044977536
27	2584.899962192554
28	3229.8743055493032
29	3911.079213433506
30	2931.31381402805
31	2803.209658802167
32	1919.588352255676
33	1308.4775566753015
34	1969.3865374685192
35	2032.0526444759817
36	2054.215968936114
37	1701.8475544290995
38	1484.2293086071222
39	1251.3803053961528
40	1097.536859175052
41	1047.7978886753335
42	981.7521668518602
43	916.5921068815805
44	856.6156070175712
45	802.9455694565986
46	753.873843177942
47	707.5690193548653
48	663.5618602855029
49	621.9550420649975
50	582.9541912007335
51	546.5334750168258
52	512.4695880767613
53	480.53309792904474
54	450.5529956389946
55	422.41608388996974
56	396.0294946656868
57	371.2946739746694
58	348.1078825306904
59	326.3677327968908
60	305.981107401356
61	286.86371372212307
62	268.93764616425324
63	252.12950438873668
64	236.36973149809637
65	221.59274235885823
66	207.73708643262216
67	194.7453071232012
68	182.56362157822878
69	171.1415928179922
70	160.43188319072942
71	150.39007627559477
72	140.97451963819913
73	132.14616431371542
74	123.8684008665441
75	116.10690174593765
76	108.82947622070787
77	102.00593764061341
78	95.60798012977466
79	89.60906241294288
80	83.98429801658494
81	78.71035192438285
82	73.76534374893527
83	69.12875710666412
84	64.7813547354599
85	60.70509888032393
86	56.88307657564292
87	53.299429544989835
88	49.93928847022471
89	46.78871134799556
90	43.83462570163829
91	41.06477438699221
92	38.46766476637276
93	36.03252104720741
94	33.749239592973026
95	31.608347009474528
96	29.600960849042167
97	27.71875276051287
98	25.953913933510194
99	24.299122701952
100	22.747514158530976
101	21.292651665091398
102	19.92850014794385
103	18.64940104125708
104	17.450048808255815
105	16.325468914961675
106	15.270997187195462
107	14.282260443098494
108	13.355158343692892
109	12.485846373034292
110	11.670719872781774
111	10.90639908061712
112	10.189715102824266
113	9.517696749098832
114	8.887558207512484
115	8.29668747037067
116	7.7426354940544115
117	7.223106029457995
118	6.735946090717334
119	6.2791370133491
END

##############
# h_delta_0.18 # 
##############

#Time 	total case
-1	-6.058657265120559e-10
1	220.10315240331406
2	260.4760949925274
3	206.4522333747974
4	188.91933673610276
5	187.00530280441762
6	252.00530040665058
7	467.5227796278541
8	296.0607883757107
9	370.21300218623037
10	443.6433415231304
11	551.8897511485166
12	250.03948425511635
13	500.6732517693622
14	894.8082646751782
15	865.432724987475
16	785.6125605612524
17	873.1134733662739
18	1294.1777560179935
19	1108.028744051513
20	1005.4590022188349
21	1797.0372736538866
22	1880.724171306003
23	2774.90783282777
24	2932.6512315043583
25	2785.030689890147
26	1926.279755769261
27	2657.72575443154
28	3314.2709398368024
29	4008.0699248815545
30	3000.8000873080455
31	2891.9125719138756
32	1986.2677689952252
33	1363.5227143390875
34	2063.2131130022753
35	2120.2426833147038
36	2145.3769914080767
37	1780.9775986980676
38	1561.6988880895005
39	1321.736392021572
40	1163.8709184703257
41	1114.7221324654965
42	1046.702826318251
43	979.6604693993431
44	917.8402646194518
45	862.3529923834576
46	811.4397768556155
47	763.277791877139
48	717.4207314612286
49	673.9820470346531
50	633.1749447746188
51	594.9747501048914
52	559.1599607504468
53	525.504349468305
54	493.83985642172047
55	464.0558752813813
56	436.06133641282213
57	409.758997150042
58	385.04617714915366
59	361.8222997487028
60	339.9948284638376
61	319.4798089445976
62	300.1994573535485
63	282.080316938489
64	265.0526206473587
65	249.05043851373193
66	234.01185470612836
67	219.87884169191238
68	206.5969556302589
69	194.11502252453647
70	182.38490383439057
71	171.36132876628835
72	161.00174633513961
73	151.26617344388796
74	142.117038783108
75	133.51903222464898
76	125.43896595890692
77	117.8456472287653
78	110.70975987418205
79	104.00375246586918
80	97.70173231324588
81	91.77936546265846
82	86.21378277278563
83	80.98349181325466
84	76.06829415453831
85	71.44920760657988
86	67.10839307366405
87	63.02908577384369
88	59.1955305893498
89	55.59292130815447
90	52.20734351692954
91	49.02572093602794
92	46.03576496895403
93	43.22592728472955
94	40.58535525260959
95	38.103850052837515
96	35.77182730853383
97	33.58028008612746
98	31.52074412231741
99	29.58526513823017
100	27.766368126976886
101	26.0570284841815
102	24.450644876691513
103	22.94101374775346
104	21.522305352205876
105	20.18904123811808
106	18.936073083314113
107	17.758562802235247
108	16.651963858879753
109	15.612003694710438
110	14.634667226229794
111	13.716181326584774
112	12.853000245246221
113	12.04179191114963
114	11.27942505174724
115	10.56295709432743
116	9.889622796035837
117	9.256823555289884
118	8.662117370098713
119	8.103209398599574
END

##############
# h_delta_0.2 # 
##############

#Time 	total case
-1	-6.058657265120559e-10
1	218.25870240349846
2	258.74759908031234
3	204.37215754974073
4	187.87605496687127
5	186.42903622597396
6	251.65159929577067
7	466.4404579248014
8	294.31024863388734
9	370.776279571387
10	444.4428117249131
11	552.9069686771268
12	250.43431188861996
13	505.027135501608
14	900.5579866405615
15	868.3489079697592
16	790.2615074798068
17	880.8199091265842
18	1306.4683947015683
19	1116.8187634431306
20	1016.635231743694
21	1821.154670524882
22	1901.4200475178823
23	2808.7244048949215
24	2963.228009260005
25	2817.6945976359348
26	1953.5132579371602
27	2707.3498342703388
28	3371.569731478812
29	4073.571289797208
30	3047.2172283302934
31	2951.9891409240663
32	2031.5462444770965
33	1401.3774235069432
34	2128.2605493355004
35	2181.00452272081
36	2208.107589130341
37	1835.3878560552985
38	1615.282934707844
39	1370.628038356408
40	1210.2110451960907
41	1161.6530046670377
42	1092.3335292937263
43	1024.0575929636107
44	961.0286368722154
45	904.3446473008662
46	852.209706302332
47	802.8089965024919
48	755.7133867043012
49	711.0443757191242
50	669.0204335915914
51	629.6174997071503
52	592.6154049961915
53	557.7903791725985
54	524.9766921035916
55	494.0657899798098
56	464.9680545168376
57	437.58734046583413
58	411.8218922577071
59	387.57189297392324
60	364.7454075850692
61	343.25890857838385
62	323.0348801572545
63	304.0000019650324
64	286.08452992078674
65	269.222457371201
66	253.35170166527678
67	238.4139881015144
68	224.3545558854239
69	211.12185404245974
70	198.6673156179313
71	186.94519734596543
72	175.91243830423628
73	165.52851407573326
74	155.75528626531013
75	146.55685693967098
76	137.89943429768027
77	129.75120940958732
78	122.08224135985074
79	114.86434859252768
80	108.07100579197868
81	101.67724642760004
82	95.65957108444127
83	89.99586133916455
84	84.66529878025176
85	79.64828876318643
86	74.92638857361453
87	70.48223977665475
88	66.29950452499907
89	62.36280560994055
90	58.6576700375299
91	55.17047590315633
92	51.888402392331045
93	48.79938270544517
94	45.89205973959179
95	43.155744382034754
96	40.58037624094868
97	38.156486691499595
98	35.87516408121155
99	33.72802099047112
100	31.707163399114506
101	29.80516168511531
102	28.015023305037175
103	26.33016709846561
104	24.744399088231148
105	23.25188971226453
106	21.8471523856133
107	20.525023333117133
108	19.280642592086224
109	18.109436149097746
110	17.007099113820004
111	15.969579888042063
112	14.993065264759935
113	14.073966402473161
114	13.208905625768239
115	12.39470400227583
116	11.628369644211489
117	10.90708671217726
118	10.22820504680567
119	9.589230427489383
END

##############
# h_delta_0.22 # 
##############

#Time 	total case
-1	-6.058657265120559e-10
1	216.41425240368287
2	257.00803831990424
3	202.26874107386567
4	186.81179801246003
5	185.83787552871593
6	251.2846526452115
7	465.32625593310877
8	292.5032197612661
9	371.3073421911945
10	445.2043713673288
11	553.8744810560124
12	250.80171441197808
13	509.41934730903404
14	906.3165148846283
15	871.1753159701229
16	794.8597847011233
17	888.5473038969076
18	1318.8245293259397
19	1125.5949080955143
20	1027.9025963949698
21	1845.579629457954
22	1922.2389992163135
23	2842.808664260241
24	2993.773307666077
25	2850.354078525401
26	1980.9175793737086
27	2757.8460200355585
28	3429.6997196576594
29	4139.727115769587
30	3093.658064961157
31	3012.7944420283093
32	2077.4677036112626
33	1440.176726370686
34	2195.3763557916027
35	2243.3776158986
36	2272.4299652073896
37	1891.1354285850684
38	1670.449347132184
39	1421.156094920967
40	1258.3105056197164
41	1210.5183658726964
42	1139.9157925135587
43	1070.4282190139274
44	1006.2117822448126
45	948.3476271826294
46	895.0000188455233
47	844.3640950961053
48	796.0294589363039
49	750.1263736695983
50	706.8787377988338
51	666.2629549652629
52	628.0602874202305
53	592.0496788450837
54	558.0680253642058
55	526.0090922666132
56	495.7849192560243
57	467.3006417025317
58	440.4556091350096
59	415.15094593288086
60	391.29549700451025
61	368.80633033410413
62	347.60635555683984
63	327.62253602455894
64	308.78528939276293
65	291.0286633720534
66	274.29053181131894
67	258.51248830939585
68	243.6395628097962
69	229.61992755030224
70	216.40468021458946
71	203.94769131102657
72	192.2054696890409
73	181.1370230690227
74	170.7037134213897
75	160.86911676177988
76	151.5988936148642
77	142.86067006571102
78	134.6239267547644
79	126.85989370869356
80	119.54145034593239
81	112.64303083224513
82	106.14053489794605
83	100.01124393170176
84	94.23374196735676
85	88.78784116206225
86	83.65451148778084
87	78.81581440234731
88	74.25484032045642
89	69.95564965144149
90	65.90321722705266
91	62.08337989945721
92	58.48278713897162
93	55.088854451081716
94	51.88971946068341
95	48.87420050615037
96	46.03175761188322
97	43.35245568619575
98	40.826929830232984
99	38.446352637780365
100	36.20240335802373
101	34.08723883704806
102	32.093466115227784
103	30.21411659545265
104	28.44262170046568
105	26.772789915688918
106	25.19878515106393
107	23.71510634900187
108	22.31656825108803
109	20.998283279972384
110	19.75564444992051
111	18.58430926152505
112	17.48018452480028
113	16.43941204424482
114	15.45835513107886
115	14.53358588865376
116	13.661873224467854
117	12.840171555231791
118	12.065610154822934
119	11.33548311542836
END

##############
# h_delta_0.25 # 
##############

#Time 	total case
-1	-6.058657265120559e-10
1	213.64757740340417
2	254.3779505898149
3	199.0695991535781
4	185.17559225311186
5	184.92267776948154
6	250.7087910065818
7	463.59392171403874
8	289.68466826416375
9	372.0417939723329
10	446.2731819564824
11	555.2288685639919
12	251.29923595545324
13	516.0799778202781
14	914.9686941464743
15	875.2387128599485
16	801.6551336385673
17	900.1734812942605
18	1337.4771957290768
19	1138.7243911584446
20	1044.9728578334398
21	1882.8000202361036
22	1953.689758673503
23	2894.4272369738283
24	3039.4915678636535
25	2899.2876297255643
26	2022.3208809415846
27	2835.2502142568264
28	3518.458663586429
29	4240.1492798204235
30	3163.260449222653
31	3105.3162674396517
32	2147.516720043124
33	1500.180197207119
34	2300.0663721584497
35	2340.026135872533
36	2371.944733859702
37	1977.2807014586651
38	1756.2231144214602
39	1500.1026230840725
40	1333.8839847642666
41	1287.6045693157357
42	1215.1189392125816
43	1143.8652075948776
44	1077.9177073298415
45	1018.3241885200769
46	963.1836070307472
47	910.7099201008386
48	860.5238459447864
49	812.770185293557
50	767.6812760114262
51	725.2338885147619
52	685.2116004700656
53	647.397907254126
54	611.6342084297357
55	577.8182573972153
56	545.8649746952724
57	515.6817667072464
58	487.16998662942206
59	460.23252121460973
60	434.7797317579243
61	410.7299086362764
62	388.0069084114657
63	366.5384104559489
64	346.255349997693
65	327.09211730324023
66	308.9867678967421
67	291.8809303306043
68	275.71953876107
69	260.4505543756386
70	246.0247625853226
71	232.39563250239007
72	219.51919323654147
73	207.35390439593175
74	195.8605207329383
75	185.00196044928452
76	174.74318335892167
77	165.05107887655322
78	155.8943612966832
79	147.2434703103354
80	139.07047617698845
81	131.34898972616065
82	124.05407737282803
83	117.1621809618955
84	110.65104211500147
85	104.49963071398088
86	98.6880772637669
87	93.19760893462808
88	88.01048912384431
89	83.10996033959964
90	78.4801902299223
91	74.10622058587614
92	69.97391913643514
93	66.06993400224019
94	62.38165064527129
95	58.89715120017354
96	55.60517603099288
97	52.495087411560235
98	49.556835211624275
99	46.78092445805669
100	44.15838470090239
101	41.68074105097912
102	39.33998682539095
103	37.128557699368685
104	35.0393072773295
105	33.065484014790854
106	31.20070941677841
107	29.4389574330271
108	27.77453499013791
109	26.202063603908755
110	24.716462001859327
111	23.312929699750384
112	21.98693149696919
113	20.73418281872
114	19.550635867592064
115	18.432466541489703
116	17.376062079842086
117	16.378009377222043
118	15.4350839581748
119	14.544239552196814
END

##############
# h_data # 
##############

#Time 	total case
0	240
1	18
2	145
3	128
4	84
5	369
6	270
7	266
8	300
9	431
10	361
11	808
12	769
13	1280
14	322
15	1489
16	1445
17	1095
18	1865
19	1587
20	1377
21	1571
22	1493
23	2171
24	2380
25	3251
26	1691
27	1555
28	1942
29	1643
30	2543
31	3409
32	1117
33	1592
34	1154
35	1047
36	1565
37	1292
38	1455
39	1598
40	1337
END

##############
# h_tau_4 # 
##############

#Time 	total case
-1	-6.058657265120559e-10
1	218.25870240349846
2	258.74759908031234
3	204.37215754974073
4	187.87605496687127
5	206.37345418130417
6	289.31581983955425
7	523.8564018088045
8	327.85764319418263
9	423.7687900706346
10	533.6299019224675
11	671.0140181720976
12	307.10112081649777
13	632.6720494044766
14	1152.923087334857
15	1131.9136465045458
16	1066.7495203485605
17	1225.5483309492065
18	1827.6147981479044
19	1571.0646230365928
20	1465.1912175342186
21	2678.4039769789615
22	2801.7926177811787
23	4137.589855229915
24	4404.8476961020715
25	4188.659398871059
26	2877.252906775462
27	3912.452996938293
28	4756.380857119875
29	5621.35152497224
30	4105.920366759645
31	3975.217343306169
32	2754.158330936785
33	1880.2851368011325
34	2816.4941824555935
35	2848.804331911968
36	2867.829155269661
37	2393.225771749596
38	2097.6778004148946
39	1755.2589984363876
40	1524.5382831729512
41	1445.7907448366168
42	1351.253455584112
43	1262.1780796195817
44	1180.0717595876195
45	1103.8937630888686
46	1032.4833924504055
47	965.4937365586811
48	902.8131383622676
49	844.237034740625
50	789.4733472803782
51	738.2498183274729
52	690.3360400666716
53	645.5248692629539
54	603.6181495602068
55	564.4271261493996
56	527.7752043674263
57	493.4981040039711
58	461.442405581809
59	431.46443094582355
60	403.4296500802011
61	377.21222193626454
62	352.6944653401297
63	329.7663110053836
64	308.32479659050296
65	288.27361112595827
66	269.52267133668647
67	251.9877214985754
68	235.58995696739294
69	220.25567216915078
70	205.9159317354206
71	192.50626282920712
72	179.96636707919242
73	168.23985093727242
74	157.27397339175513
75	147.01940991224546
76	137.430031598793
77	128.462698536081
78	120.07706646386941
79	112.23540590541961
80	104.90243295610708
81	98.04515099771379
82	91.63270262337755
83	85.63623111651395
84	80.02875088871224
85	74.78502627857961
86	69.88145819185593
87	65.29597806067613
88	61.00794867260265
89	56.99807139945915
90	53.248299444880104
91	49.7417566945951
92	46.462661819532514
93	43.39625730244734
94	40.52874304834404
95	37.84721430068021
96	35.339603583255666
97	32.9946263909078
98	30.801730412917095
99	28.75104803852446
100	26.833351941371802
101	25.04001354414504
102	23.362964181185816
103	21.79465876716131
104	20.32804182783002
105	18.95651573894429
106	17.673911015022895
107	16.474458530094125
108	15.35276353955851
109	14.303781386246555
110	13.322794784093276
111	12.405392572502024
112	11.547449852718273
113	10.74510940622713
114	9.994764329938334
115	9.29304178741586
116	8.636787818119046
117	8.023053132012137
118	7.449079828438698
119	6.912288977022399
END

##############
# h_tau_5 # 
##############

#Time 	total case
-1	-6.058657265120559e-10
1	218.25870240349846
2	258.74759908031234
3	204.37215754974073
4	187.87605496687127
5	186.42903622597396
6	251.65159929577067
7	466.4404579248014
8	294.31024863388734
9	370.776279571387
10	444.4428117249131
11	552.9069686771268
12	250.43431188861996
13	505.027135501608
14	900.5579866405615
15	868.3489079697592
16	790.2615074798068
17	880.8199091265842
18	1306.4683947015683
19	1116.8187634431306
20	1016.635231743694
21	1821.154670524882
22	1901.4200475178823
23	2808.7244048949215
24	2963.228009260005
25	2817.6945976359348
26	1953.5132579371602
27	2707.3498342703388
28	3371.569731478812
29	4073.571289797208
30	3047.2172283302934
31	2951.9891409240663
32	2031.5462444770965
33	1401.3774235069432
34	2128.2605493355004
35	2181.00452272081
36	2208.107589130341
37	1835.3878560552985
38	1615.282934707844
39	1370.628038356408
40	1210.2110451960907
41	1161.6530046670377
42	1092.3335292937263
43	1024.0575929636107
44	961.0286368722154
45	904.3446473008662
46	852.209706302332
47	802.8089965024919
48	755.7133867043012
49	711.0443757191242
50	669.0204335915914
51	629.6174997071503
52	592.6154049961915
53	557.7903791725985
54	524.9766921035916
55	494.0657899798098
56	464.9680545168376
57	437.58734046583413
58	411.8218922577071
59	387.57189297392324
60	364.7454075850692
61	343.25890857838385
62	323.0348801572545
63	304.0000019650324
64	286.08452992078674
65	269.222457371201
66	253.35170166527678
67	238.4139881015144
68	224.3545558854239
69	211.12185404245974
70	198.6673156179313
71	186.94519734596543
72	175.91243830423628
73	165.52851407573326
74	155.75528626531013
75	146.55685693967098
76	137.89943429768027
77	129.75120940958732
78	122.08224135985074
79	114.86434859252768
80	108.07100579197868
81	101.67724642760004
82	95.65957108444127
83	89.99586133916455
84	84.66529878025176
85	79.64828876318643
86	74.92638857361453
87	70.48223977665475
88	66.29950452499907
89	62.36280560994055
90	58.6576700375299
91	55.17047590315633
92	51.888402392331045
93	48.79938270544517
94	45.89205973959179
95	43.155744382034754
96	40.58037624094868
97	38.156486691499595
98	35.87516408121155
99	33.72802099047112
100	31.707163399114506
101	29.80516168511531
102	28.015023305037175
103	26.33016709846561
104	24.744399088231148
105	23.25188971226453
106	21.8471523856133
107	20.525023333117133
108	19.280642592086224
109	18.109436149097746
110	17.007099113820004
111	15.969579888042063
112	14.993065264759935
113	14.073966402473161
114	13.208905625768239
115	12.39470400227583
116	11.628369644211489
117	10.90708671217726
118	10.22820504680567
119	9.589230427489383
END

##############
# h_tau_6 # 
##############

#Time 	total case
-1	-6.058657265120559e-10
1	218.25870240349846
2	258.74759908031234
3	204.37215754974073
4	187.87605496687127
5	186.42903622597396
6	229.0725222321687
7	408.1405688659095
8	263.52907494986516
9	333.8598241141078
10	402.19056234318987
11	492.35632383808024
12	217.7399100075063
13	426.82156980348054
14	742.3106445030444
15	709.4550946375348
16	643.5739938009965
17	699.7594972988945
18	1013.0155876147974
19	861.9394872130806
20	779.4991453323928
21	1373.5611595221926
22	1421.0875209960122
23	2101.905682220795
24	2211.3590792501327
25	2090.0421425705827
26	1457.0626628406935
27	2037.0757440779635
28	2580.5762485012383
29	3196.3657312531723
30	2448.5499047846606
31	2421.8405957701216
32	1660.7498123403748
33	1131.4542076266953
34	1725.4105038622438
35	1786.8097438607292
36	1833.2551894680437
37	1539.0484216374753
38	1350.0869720203118
39	1146.1725692343243
40	1022.033953968843
41	994.7700584562626
42	947.3919279963811
43	894.7655316635137
44	841.5276391793741
45	791.9299635490315
46	748.1360772351691
47	708.8939262123895
48	672.2336647706688
49	637.0590278905365
50	603.0065052262944
51	570.2561612396748
52	539.1916345669742
53	509.98107753767545
54	482.5407352010443
55	456.6820795193926
56	432.2139263683057
57	409.00317973221536
58	386.9857740292282
59	366.12901705467084
60	346.39742663940706
61	327.74169026974414
62	310.1011397024122
63	293.41245709534996
64	277.6178522277114
65	262.66743509943626
66	248.51733110167697
67	235.1269501134375
68	222.45707512104855
69	210.46929654459382
70	199.12646478589886
71	188.393314831701
72	178.23675718608138
73	168.62580815234833
74	159.53132229889889
75	150.92571562866215
76	142.782794054634
77	135.0776851988776
78	127.78681593703368
79	120.88788663141167
80	114.3598208184776
81	108.1826942495245
82	102.33765904976462
83	96.80687543624663
84	91.57345454398455
85	86.6214097837219
86	81.93561230728665
87	77.50174748376594
88	73.30627164884208
89	69.33636990252853
90	65.57991599420347
91	62.02543480912573
92	58.66206740550115
93	55.47953819471877
94	52.46812388489343
95	49.61862393305637
96	46.92233245667012
97	44.37101158464793
98	41.9568662608217
99	39.67252043091867
100	37.51099454647192
101	35.46568428167666
102	33.53034038966143
103	31.699049627175555
104	29.966216690008878
105	28.326547123484488
106	26.775031150435098
107	25.306928369529487
108	23.91775327720825
109	22.603261567674053
110	21.359437169994635
111	20.182479974027956
112	19.068794226324826
113	18.014977538899984
114	17.01781049076817
115	16.074246797863452
116	15.181403997157759
117	14.336554642075498
118	13.53711796447169
119	12.780651990666229
END

##############
# h_tau_7 # 
##############

#Time 	total case
-1	-6.058657265120559e-10
1	218.25870240349846
2	258.74759908031234
3	204.37215754974073
4	187.87605496687127
5	186.42903622597396
6	229.0725222321687
7	372.3431395351347
8	230.8809775729992
9	298.41059702503253
10	361.7348470497409
11	445.17720620965747
12	199.2885634303143
13	393.0239238202389
14	659.4922523766922
15	601.8784870853269
16	535.2974109166908
17	578.9788381331928
18	823.7258636482684
19	695.3992519318117
20	638.5038891780277
21	1125.304964267446
22	1137.9263383987236
23	1662.7629218681286
24	1755.2880239615079
25	1651.3129753467092
26	1142.5922102837976
27	1614.8835267695904
28	2078.0776870741756
29	2619.1793844868807
30	2055.3041203008615
31	2079.789660283903
32	1455.1731145556696
33	984.6897072251631
34	1477.9777614509367
35	1529.0484748851413
36	1577.154647292482
37	1337.548774619252
38	1186.257374467874
39	1009.742117890717
40	903.4791987434583
41	886.3103198857352
42	852.7743166966175
43	812.7189342717902
44	769.1666328349747
45	725.8639955894178
46	685.3555241751747
47	649.6619485244373
48	618.1594592706751
49	589.2247789078028
50	561.6226650679673
51	534.6998680581819
52	508.3490860637248
53	482.7665236763496
54	458.3331418710077
55	435.2845313671496
56	413.6291684534881
57	393.23683979569614
58	373.93088936278946
59	355.5580284926036
60	338.0173137544407
61	321.27016787997854
62	305.31180488233076
63	290.13930573863036
64	275.73587587046495
65	262.06847315991763
66	249.0936471865789
67	236.76542282490118
68	225.04271859656
69	213.89211542577686
70	203.28653390387626
71	193.20243113661127
72	183.61729476846813
73	174.50828477022878
74	165.85202016433323
75	157.62523033233447
76	149.80558289496548
77	142.3721995166852
78	135.3057579483866
79	128.5882959310111
80	122.20290372222371
81	116.13345437504177
82	110.36446002448793
83	104.88104857780127
84	99.66900217936927
85	94.71479925640597
86	90.00562640483986
87	85.52935380059353
88	81.27448561896017
89	77.23010440935468
90	73.38582397325081
91	69.73175590886967
92	66.25848747232521
93	62.957065166629036
94	59.81897887062951
95	56.83614363223751
96	54.00087891906878
97	51.30588679488574
98	48.744230725002126
99	46.30931616442831
100	43.99487319619948
101	41.79494086928025
102	39.70385264541983
103	37.716222446397296
104	35.82693106427905
105	34.0311129405527
106	32.32414342105767
107	30.70162663868541
108	29.159384072110697
109	27.693443776355707
110	26.300030221784255
111	24.97555464029574
112	23.716605850982887
113	22.519941489343182
114	21.38247965539631
115	20.301290948555106
116	19.273590916571266
117	18.296732864619116
118	17.36820104821527
119	16.485604198074725
END
