
##############
# h_nominal # 
##############

#Time 	total case
-1	3.9376867651957914e-10
0	119.98049999983668
1	152.34889138703767
2	178.8909433722735
3	200.6553885390324
4	218.5021877748154
5	243.91749881148212
6	282.22181200527234
7	327.9489773866503
8	377.18286428094416
9	427.1765531795786
10	481.8741344467353
11	547.3784748200474
12	625.7427239853541
13	716.535989713605
14	817.9217342293969
15	930.5188461814896
16	1034.2804860904716
17	1163.7283706819426
18	1312.9849938187635
19	1483.4714009284598
20	1676.1438461209273
21	1845.278117825681
22	1991.4753701625887
23	2112.7965814024865
24	2204.691229589411
25	2259.0319897908375
26	2342.6796752211703
27	2325.643140031916
28	2231.509590864538
29	2056.1888601910287
30	1798.9307736041883
31	1588.567031967992
32	1412.8988985562828
33	1261.762770234287
34	1126.7328530678278
35	1004.4803790885853
36	894.8072643766282
37	797.0042405987115
38	710.034196672801
39	632.6691418546761
40	563.7529040478039
41	502.32844065239624
42	447.5791215797144
43	398.78879164045065
44	355.31515350410336
45	316.5797028600791
46	282.06517326638277
47	251.31080911872414
48	223.90669928354328
49	199.4879374359516
50	177.72938177111064
51	158.3412426995783
52	141.0652523892859
53	125.67126952631952
54	111.95423329786718
55	99.73143067297497
56	88.84005773956596
57	79.13504826108692
58	70.48714091089641
END

##############
# h_d1_0.0 # 
##############

#Time 	total case
-1	3.9376867651957914e-10
1	239.96099999967328
2	184.71728277339744
3	205.4329953571753
4	222.41983370563628
5	236.34898701145266
6	269.3320336483873
7	320.5240596423662
8	373.6730245180379
9	426.41285633749567
10	477.1658371815229
11	536.5657382986615
12	612.8734818944281
13	704.0930675066938
14	807.3100862823148
15	919.2828393263162
16	1043.0844025945971
17	1158.919941744919
18	1305.2512681923945
19	1474.4238593869304
20	1666.5445950998037
21	1881.984282033769
22	2070.586477641349
23	2234.0631836433495
24	2370.419601901296
25	2474.0697366856803
26	2535.2369985915575
27	2628.8347301974827
28	2609.3722535213965
29	2503.559373191518
30	2306.806220613209
31	2018.1669975772093
32	1782.126668954923
33	1585.004431409805
34	1415.408449107039
35	1263.8924595562057
36	1126.7213930799408
37	1003.6696580435528
38	893.9392530100667
39	796.3654891473707
40	709.5702347714323
41	632.2560601066652
42	563.348836328456
43	501.9319447209273
44	447.2015356523916
45	398.43669764630613
46	354.9881573692328
47	316.275391947318
48	281.78131347590534
49	251.04590567386913
50	223.6596691767336
51	199.25773961326922
52	177.51493410317198
53	158.1414506385554
54	140.87905611698807
55	125.49766664332128
56	111.79227972237277
57	99.58023664096254
58	88.6987848936842
59	79.00290857093205
END

##############
# h_d2_0.015 # 
##############

#Time 	total case
-1	3.9376867651957914e-10
1	239.96099999967328
2	184.7172794882063
3	205.4329859121101
4	222.4198151536035
5	236.34895621299427
6	269.3319873255307
7	320.5239942504106
8	373.67293568616765
9	426.41273897930796
10	477.1656855224892
11	536.5655459178438
12	612.873241699453
13	704.0927714064101
14	807.3097249828779
15	919.2824021694187
16	1043.0838774593603
17	1158.9193149443954
18	1305.2505244244621
19	1474.4229815071012
20	1666.5435637496757
21	1881.9830753343522
22	2070.5850708908583
23	2234.0615498204133
24	2370.417712070317
25	2474.0675604157113
26	2535.234504444754
27	2628.831886451797
28	2609.3690282169155
29	2503.555735137037
30	2306.802140831169
31	2018.1624505934815
32	1782.1216343893248
33	1584.9988927102677
34	1415.4023929004834
35	1263.8858751818625
36	1126.7142722939607
37	1003.6619948085936
38	893.9310432339553
39	796.3567304461685
40	709.5609262483122
41	632.2462021616375
42	563.3384304970095
43	501.9209935242761
44	447.19004246911936
45	398.4246665979226
46	354.97559321593144
47	316.2622999970263
48	281.7676995034053
49	251.03177584974765
50	223.6450300032957
51	199.24259786894254
52	177.4992967927974
53	158.1253249500296
54	140.86244938481832
55	125.48058630973537
56	111.77473330964858
57	99.5622317259913
58	88.68032908452733
59	78.98400948600465
END

##############
# h_d2_0.0225 # 
##############

#Time 	total case
-1	3.9376867651957914e-10
1	239.96099999967328
2	184.71728113135694
3	205.43299063408813
4	222.41982442906487
5	236.34897161222352
6	269.3320104869588
7	320.5240269463884
8	373.6729801026579
9	426.41279765840227
10	477.16576135256037
11	536.5656421082522
12	612.8733617974945
13	704.0929194565533
14	807.3099056331503
15	919.2826207478693
16	1043.08414002698
17	1158.9196283452138
18	1305.2508963089858
19	1474.4234204470158
20	1666.5440794247388
21	1881.983678684066
22	2070.5857742666612
23	2234.062366732436
24	2370.418656986363
25	2474.0686485501355
26	2535.235751518172
27	2628.8333083246216
28	2609.3706408691614
29	2503.5575541642866
30	2306.8041807221816
31	2018.1647240853345
32	1782.1241516715745
33	1585.0016620600436
34	1415.4054210037502
35	1263.8891673695907
36	1126.7178326864014
37	1003.665826426608
38	893.9351481220292
39	796.361109796213
40	709.5655805093193
41	632.2511311341368
42	563.34363341274
43	501.92646912259806
44	447.1957890613194
45	398.4306821215432
46	354.98187529258576
47	316.26884597217577
48	281.77450648966624
49	251.03884076124814
50	223.652349590011
51	199.25016874109133
52	177.50711544745718
53	158.1333877942743
54	140.87075275034294
55	125.48912647597899
56	111.78350651601068
57	99.57123418293486
58	88.68955698909122
59	78.99345902847563
END

##############
# h_d2_0.03 # 
##############

#Time 	total case
-1	3.9376867651957914e-10
1	239.96099999967328
2	184.71728277339744
3	205.4329953571753
4	222.41983370563628
5	236.34898701145266
6	269.3320336483873
7	320.5240596423662
8	373.6730245180379
9	426.41285633749567
10	477.1658371815229
11	536.5657382986615
12	612.8734818944281
13	704.0930675066938
14	807.3100862823148
15	919.2828393263162
16	1043.0844025945971
17	1158.919941744919
18	1305.2512681923945
19	1474.4238593869304
20	1666.5445950998037
21	1881.984282033769
22	2070.586477641349
23	2234.0631836433495
24	2370.419601901296
25	2474.0697366856803
26	2535.2369985915575
27	2628.8347301974827
28	2609.3722535213965
29	2503.559373191518
30	2306.806220613209
31	2018.1669975772093
32	1782.126668954923
33	1585.004431409805
34	1415.408449107039
35	1263.8924595562057
36	1126.7213930799408
37	1003.6696580435528
38	893.9392530100667
39	796.3654891473707
40	709.5702347714323
41	632.2560601066652
42	563.348836328456
43	501.9319447209273
44	447.2015356523916
45	398.43669764630613
46	354.9881573692328
47	316.275391947318
48	281.78131347590534
49	251.04590567386913
50	223.6596691767336
51	199.25773961326922
52	177.51493410317198
53	158.1414506385554
54	140.87905611698807
55	125.49766664332128
56	111.79227972237277
57	99.58023664096254
58	88.6987848936842
59	79.00290857093205
END

##############
# h_d2_0.0375 # 
##############

#Time 	total case
-1	3.9376867651957914e-10
1	239.96099999967328
2	184.71728441543897
3	205.43300007915218
4	222.41984298220666
5	236.34900240957177
6	269.3320568098154
7	320.52409233834305
8	373.67306893341856
9	426.41291501658907
10	477.16591301159633
11	536.5658344890703
12	612.8736019913599
13	704.0932155557257
14	807.3102669325872
15	919.283057904765
16	1043.0846651622132
17	1158.9202551446251
18	1305.2516400769146
19	1474.424298327951
20	1666.5451107748668
21	1881.9848853823732
22	2070.587181017141
23	2234.064000555376
24	2370.4205468162327
25	2474.0708248201117
26	2535.2382456649684
27	2628.8361520703147
28	2609.3738661736425
29	2503.5611922176577
30	2306.8082605031086
31	2018.1692710690622
32	1782.1291862371727
33	1585.0072007595809
34	1415.4114772114117
35	1263.895751743934
36	1126.724953472396
37	1003.6734896615671
38	893.943357898148
39	796.3698684974079
40	709.5748890335526
41	632.2609890791646
42	563.3540392441937
43	501.93742032035516
44	447.2072822445916
45	398.44271316994127
46	354.99443944587256
47	316.2819379224675
48	281.78812046216626
49	251.05297058536962
50	223.6669887645694
51	199.2653104854253
52	177.5227527578245
53	158.14951348168688
54	140.8873594836332
55	125.50620681067085
56	111.80105292981898
57	99.58923909904843
58	88.70801279821899
59	79.01235811343213
END

##############
# h_d2_0.06 # 
##############

#Time 	total case
-1	3.9376867651957914e-10
1	239.96099999967328
2	184.7172893426705
3	205.43301424730453
4	222.4198708108098
5	236.3490486072584
6	269.33212629410014
7	320.5241904262755
8	373.6732021817804
9	426.4130910527606
10	477.16614049959253
11	536.5661230602982
12	612.8739622843786
13	704.0936597050395
14	807.3108088811878
15	919.2837136401104
16	1043.085452865068
17	1158.9211953459635
18	1305.2527557293706
19	1474.4256151476893
20	1666.5466578011728
21	1881.986695430398
22	2070.589291144539
23	2234.066451289229
24	2370.4233815621446
25	2474.0740892256254
26	2535.241986884059
27	2628.840417688847
28	2609.3787041314645
29	2503.5666492982855
30	2306.8143801761544
31	2018.1760915446575
32	1782.1367380850133
33	1585.01550881
34	1415.420561521234
35	1263.9056283059908
36	1126.7356346508095
37	1003.6849845134639
38	893.9556725612129
39	796.3830065486472
40	709.588851818793
41	632.2757759955639
42	563.369647991407
43	501.9538471153137
44	447.22452201895794
45	398.4607597419672
46	355.013285674715
47	316.3015758467591
48	281.8085414198358
49	251.07416532209754
50	223.68894752473716
51	199.28802310301398
52	177.5462087228516
53	158.17370201335143
54	140.91226958132756
55	125.53182731271954
56	111.82737255002576
57	99.6162464720619
58	88.73569651193247
59	79.04070674083778
END

##############
# h_tau_3 # 
##############

#Time 	total case
-1	3.9376867651957914e-10
1	239.96099999967328
2	184.71728277339744
3	205.4329953571753
4	243.9810367841643
5	299.7363743655783
6	356.6272702898739
7	424.0674871493327
8	509.4363414199372
9	610.1110490083379
10	729.0158266075437
11	872.5230586702414
12	1044.4349918741773
13	1249.4347897633097
14	1494.7815582226995
15	1788.4529730684153
16	2139.479948975615
17	2492.8253083424897
18	2940.658914542424
19	3472.940065935887
20	3993.1316796872525
21	4498.925676180137
22	4964.576886185641
23	5340.068342624763
24	5585.669975677942
25	5666.838285048703
26	5552.1562552665055
27	5471.936733710929
28	5055.739759895332
29	4413.0416204850335
30	3870.871564698071
31	3399.5123838070285
32	2984.3165237478242
33	2619.6651876631804
34	2299.623565766902
35	2018.6703854036168
36	1772.0264250831242
37	1555.5071760939754
38	1365.434478456984
39	1198.5786452850152
40	1052.1043912866444
41	923.5225204318849
42	810.6477032149123
43	711.5614233338565
44	624.5794248898164
45	548.2231251660414
46	481.1945124836493
47	422.3541045949969
48	370.70159516455897
49	325.3588610862789
50	285.55504309679964
51	250.61344702882343
52	219.940043796596
53	193.01337317647994
54	169.37568017268495
55	148.62513360913727
56	130.40899488861032
57	114.41762098982872
58	100.37919984779728
59	88.055128742737
END

##############
# h_tau_4 # 
##############

#Time 	total case
-1	3.9376867651957914e-10
1	239.96099999967328
2	184.71728277339744
3	205.4329953571753
4	222.41983370563628
5	257.9101900886851
6	311.15821792527595
7	365.99311200717534
8	420.1154133187906
9	483.633163541404
10	564.4297137520639
11	660.2426927214246
12	767.975091895767
13	890.5360160438395
14	1034.5564729498674
15	1204.245342660518
16	1401.3745311336597
17	1589.9122575560577
18	1824.3771325284251
19	2096.7724105899924
20	2412.6557378177185
21	2704.9271085972177
22	2972.1942914331594
23	3209.09177689892
24	3401.0288500521965
25	3517.5489452944566
26	3536.84911889417
27	3590.4723039203454
28	3461.5674604958767
29	3196.11917403181
30	2794.755304031052
31	2461.9652183436556
32	2178.70440826688
33	1929.4170383895034
34	1707.0458584097578
35	1509.8151481332752
36	1335.4163471136053
37	1181.260339427332
38	1044.9080926585011
39	924.279851942134
40	817.5667316490071
41	723.1694873653323
42	639.6675440921899
43	565.8029366934061
44	500.4631796091562
45	442.664475941172
46	391.5365588347631
47	346.30953907257935
48	306.30235093417286
49	270.9125245935138
50	239.60711986439128
51	211.91470238375769
52	187.41824641960557
53	165.7488570800342
54	146.58021655739867
55	129.6236708610959
56	114.6238832957024
57	101.35498939582612
58	89.61719549384725
59	79.23376977052249
END

##############
# h_tau_6 # 
##############

#Time 	total case
-1	3.9376867651957914e-10
1	239.96099999967328
2	184.71728277339744
3	205.4329953571753
4	222.41983370563628
5	236.34898701145266
6	247.7708305699448
7	278.6978753660403
8	328.203972152613
9	379.9704675370683
10	431.57666697844934
11	481.40006202671566
12	528.407443388177
13	583.6246770792754
14	655.5903137273026
15	742.5006934589492
16	841.5697711380117
17	928.9186517526605
18	1029.6281726178395
19	1137.7628164668567
20	1259.699360854558
21	1400.0119318016768
22	1561.3266073918785
23	1701.0228036714307
24	1816.6186310908051
25	1903.5836333922125
26	1959.1863524445544
27	2046.530188792589
28	2073.5197817889057
29	2048.2423929456454
30	1960.3146643065083
31	1803.851409408202
32	1577.6512128176728
33	1394.1869946555962
34	1243.4415861146335
35	1116.664686192271
36	1006.2928289789561
37	905.9631017272841
38	813.5545341150355
39	729.5570472776744
40	653.9232350708626
41	586.221974798973
42	525.7607595687732
43	471.6865945389727
44	423.204940570904
45	379.68616104419925
46	340.6117777236723
47	305.5372828954278
48	274.06712513402454
49	245.8387164195301
50	220.51912348342012
51	197.80712107021827
52	177.4324671574359
53	159.15364214621513
54	142.75487397576944
55	128.04298194561852
56	114.84464006543567
57	103.00422465352312
58	92.38201663683867
59	82.85262596968823
END

##############
# h_tau_7 # 
##############

#Time 	total case
-1	3.9376867651957914e-10
1	239.96099999967328
2	184.71728277339744
3	205.4329953571753
4	222.41983370563628
5	236.34898701145266
6	247.7708305699448
7	257.1366722873645
8	286.3777878759395
9	334.5014151721491
10	385.1342781778908
11	435.8108918246544
12	484.87201941533294
13	531.2543345000381
14	574.3296683978024
15	625.4112139014605
16	693.2371466620407
17	759.3379712215328
18	842.9907456813198
19	935.4587976872263
20	1033.98733886853
21	1136.0141667421012
22	1241.8040102524446
23	1358.4492924580463
24	1455.6411093827683
25	1535.5343572159945
26	1596.1956210151584
27	1681.2302448847186
28	1721.3251030750762
29	1727.983908189657
30	1696.520211037223
31	1617.3102133240645
32	1485.4413647974288
33	1298.861652010637
34	1148.382639034895
35	1025.889628112036
36	924.5548123355147
37	838.4245464220148
38	762.2665118134391
39	691.6282424849269
40	625.33886963439
41	564.2344826311819
42	508.6367010490503
43	458.50305218807625
44	413.53175222886784
45	373.24075702052505
46	337.0351927225347
47	304.3747538747848
48	274.85383148781693
49	248.15421285455523
50	224.0130364527795
51	202.20121150956402
52	182.50926481401984
53	164.73875672809663
54	148.70274344532663
55	134.22974612658436
56	121.1648853556253
57	109.36937498486077
58	98.7191397440256
59	89.10304725454625
END

##############
# h_tau_11 # 
##############

#Time 	total case
-1	3.9376867651957914e-10
1	239.96099999967328
2	184.71728277339744
3	205.4329953571753
4	222.41983370563628
5	236.34898701145266
6	247.7708305699448
7	257.1366722873645
8	264.8165847979458
9	271.1140278169005
10	276.277838458896
11	280.5120633035913
12	305.54522377069907
13	350.2182991591494
14	398.0216814639625
15	446.37809335409975
16	493.5366284713991
17	527.9583715421049
18	564.1081372444332
19	597.5623987225317
20	628.1523004088749
21	655.8508963205295
22	680.7286547138929
23	706.5528333166749
24	748.3622329916961
25	805.3726929905115
26	875.6145059020691
27	977.7020787773254
28	1054.5196989062515
29	1112.1330900040557
30	1148.64894584367
31	1162.7066857627597
32	1153.5143942576906
33	1120.8150833924265
34	1065.377363102256
35	990.9076056233134
36	897.4168803338835
37	781.8872962845089
38	691.3421042994632
39	620.3360221943803
40	564.3447838583415
41	519.57928778321
42	482.8806346104466
43	451.6339727497216
44	423.6951782434262
45	397.41355893052605
46	371.5196098984052
47	344.8921993112417
48	317.8736169544609
49	291.6553909866052
50	266.97019097922384
51	244.2157776116983
52	223.54829128883284
53	204.95403179545974
54	188.3044471038229
55	173.39793124160133
56	159.99511406747843
57	147.84276176730418
58	136.68293062119847
59	126.31945861125496
END

##############
# h_beta_0.025 # 
##############

#Time 	total case
-1	3.9376867651957914e-10
1	209.980500000523
2	121.15862532185179
3	126.33246164375743
4	130.57497732257178
5	134.05380613010198
6	139.598834291049
7	147.1610471457334
8	154.7573663079677
9	162.13030330897755
10	169.11396148667427
11	176.33578598848294
12	184.29702088880845
13	192.87363909569558
14	201.89446777287094
15	211.1743914389699
16	220.730874669046
17	226.84003872163203
18	235.1500473030883
19	244.13638378822588
20	253.74357416143994
21	263.9134191774974
22	269.1163982351909
23	269.9784394725011
24	266.88899738083273
25	260.0907975917107
26	249.67132815872083
27	241.08357731371325
28	225.42706285542226
29	205.43591372214814
30	181.7220043500556
31	155.0572103534014
32	132.8573293290283
33	114.20289374780896
34	98.35711992117922
35	84.73344902566987
36	72.9626733164987
37	62.81161598296967
38	54.06840802767965
39	46.54275862033046
40	40.065447210633465
41	34.48941549037772
42	29.688835247387942
43	25.555765872522898
44	21.99741955843365
45	18.933907337810524
46	16.296415369019996
47	14.025688530357911
48	12.070711841586672
49	10.387567777842378
50	8.938448604289988
51	7.690805505537355
52	6.6166167963638145
53	5.69175821540739
54	4.895460895128053
55	4.20984468754159
56	3.6195163853208214
57	3.1112238033574613
58	2.673557985145635
59	2.2966968263726812
END

##############
# h_beta_0.0375 # 
##############

#Time 	total case
-1	3.9376867651957914e-10
1	224.97074999975078
2	152.9379540475171
3	165.88272850009298
4	176.49740551392563
5	185.20139656995389
6	202.44354966811466
7	227.89871209753892
8	254.00835124578362
9	279.7111552789481
10	304.3066787625719
11	331.4485401250695
12	364.00059350012543
13	401.2522141358836
14	442.1910777695848
15	485.70358265718824
16	532.3543800987054
17	572.0388563928045
18	621.5276885330923
19	676.8077120401813
20	737.7798652269103
21	804.3390951652154
22	856.6541450704535
23	895.7705699411381
24	921.6962583255063
25	933.617838889606
26	929.7709958713604
27	934.4572394129627
28	903.5143650660011
29	847.3185199347572
30	766.5281507744603
31	662.9374301639309
32	577.2425917203072
33	505.26615685454817
34	443.61711833487425
35	389.5659696563198
36	341.7556484150591
37	299.66544520499883
38	262.72769390755275
39	230.36271624614892
40	202.003264066494
41	177.13849321956877
42	155.33197117959207
43	136.20670431206963
44	119.43403630465764
45	104.72536739663701
46	91.82684423965475
47	80.51561154321462
48	70.59623414050657
49	61.89738917351133
50	54.26887479743891
51	47.57897844482068
52	41.71219254528114
53	36.567220910830656
54	32.055232560673176
55	28.098329140375427
56	24.628199559982022
57	21.584939897165896
58	18.916018577121577
59	16.57536902992433
END

##############
# h_beta_0.05 # 
##############

#Time 	total case
-1	3.9376867651957914e-10
1	239.96099999967328
2	184.71728277339744
3	205.4329953571753
4	222.41983370563628
5	236.34898701145266
6	269.3320336483873
7	320.5240596423662
8	373.6730245180379
9	426.41285633749567
10	477.1658371815229
11	536.5657382986615
12	612.8734818944281
13	704.0930675066938
14	807.3100862823148
15	919.2828393263162
16	1043.0844025945971
17	1158.919941744919
18	1305.2512681923945
19	1474.4238593869304
20	1666.5445950998037
21	1881.984282033769
22	2070.586477641349
23	2234.0631836433495
24	2370.419601901296
25	2474.0697366856803
26	2535.2369985915575
27	2628.8347301974827
28	2609.3722535213965
29	2503.559373191518
30	2306.806220613209
31	2018.1669975772093
32	1782.126668954923
33	1585.004431409805
34	1415.408449107039
35	1263.8924595562057
36	1126.7213930799408
37	1003.6696580435528
38	893.9392530100667
39	796.3654891473707
40	709.5702347714323
41	632.2560601066652
42	563.348836328456
43	501.9319447209273
44	447.2015356523916
45	398.43669764630613
46	354.9881573692328
47	316.275391947318
48	281.78131347590534
49	251.04590567386913
50	223.6596691767336
51	199.25773961326922
52	177.51493410317198
53	158.1414506385554
54	140.87905611698807
55	125.49766664332128
56	111.79227972237277
57	99.58023664096254
58	88.6987848936842
59	79.00290857093205
END

##############
# h_beta_0.0625 # 
##############

#Time 	total case
-1	3.9376867651957914e-10
1	254.9512499996622
2	216.49661149895107
3	244.9832622128818
4	268.34226189738695
5	287.4965774511867
6	340.2638990911689
7	425.0353080662894
8	513.7467264809914
9	602.2260519539204
10	687.6753688575386
11	793.294605357722
12	937.0122740854813
13	1114.59838927674
14	1319.7656089055636
15	1545.4679526894906
16	1801.54400775262
17	2056.2647746723633
18	2385.309740684801
19	2776.78406208217
20	3231.6746492489838
21	3752.584406966027
22	4236.403535425001
23	4687.544373921613
24	5099.704011406757
25	5454.893522259852
26	5721.592686642049
27	6085.849712143434
28	6171.8166153094135
29	6034.526662439399
30	5647.231100229488
31	4990.534691244378
32	4461.923080845285
33	4025.084670512617
34	3648.8532521027373
35	3306.3797160996764
36	2988.9483872726996
37	2699.1959248354397
38	2437.2584388038667
39	2201.510038326509
40	1989.1216622740758
41	1797.287249214627
42	1623.8513972075307
43	1467.0532642202888
44	1325.3576975101896
45	1197.347856604174
46	1081.705339413791
47	977.2287593649671
48	882.8347103726701
49	797.5491497011681
50	720.4943484035466
51	650.8770752727869
52	587.9799316744029
53	531.1542923218076
54	479.8140315391356
55	433.4296484125225
56	391.5227885369095
57	353.66126690672536
58	319.45459161409235
59	288.5499423724541
END

##############
# h_beta_0.1 # 
##############

#Time 	total case
-1	3.9376867651957914e-10
1	299.922000000405
2	311.8345976766207
3	363.6340627826578
4	406.1095464712871
5	440.93934877302604
6	577.3150943671499
7	809.8619475541855
8	1056.361416894429
9	1304.2106765770368
10	1544.8905328955188
11	1889.0834174402971
12	2421.6052774014624
13	3123.207870748889
14	3964.4014986070124
15	4911.728296825902
16	6056.406844718826
17	7342.83527737519
18	9113.584060769397
19	11350.646499315611
20	14065.927990015909
21	17304.46010627011
22	20618.66076810578
23	24088.439388271276
24	27684.239299382753
25	31239.899772546138
26	34438.04948849167
27	38645.20115112033
28	41000.341632317984
29	41745.102932086156
30	40424.05455703777
31	36554.82259351597
32	33635.68598798802
33	31353.543709314195
34	29416.740879479446
35	27545.348200023407
36	25677.12147782196
37	23893.40941598243
38	22233.88070941833
39	20706.128539135912
40	19292.654904461117
41	17973.804433907033
42	16740.225920758676
43	15587.494006777997
44	14512.531554342597
45	13511.277783051366
46	12578.69944208581
47	11709.83817682229
48	10900.215491352486
49	10145.864288976998
50	9443.159758044174
51	8788.681411523372
52	8179.18675631634
53	7611.622813969036
54	7083.137630799552
55	6591.075203625485
56	6132.959495046991
57	5706.478834531386
58	5309.473813858582
59	4939.928076424054
END

##############
# h_k_6.0 # 
##############

#Time 	total case
-1	3.9376867651957914e-10
1	209.98049999993563
2	175.12352532171792
3	197.56612001179832
4	215.96900384417302
5	231.05931655867653
6	255.1129199932143
7	308.93996320385327
8	365.8549504648058
9	422.99916887410586
10	478.4429345815229
11	537.5941530835021
12	616.7350651288461
13	714.0172809074593
14	826.2954631120592
15	949.8903778999611
16	1084.8611160009932
17	1227.0096734804338
18	1399.7724336551164
19	1601.7794648103318
20	1833.8948297378083
21	2096.049161738336
22	2331.2564930498593
23	2541.256177739775
24	2724.2690630046563
25	2874.2707267151745
26	2979.6729435612942
27	3064.767697094594
28	3042.2676090255554
29	2919.6282871824224
30	2690.711381084293
31	2354.053602367938
32	2078.6220621811444
33	1848.6266775067415
34	1650.7847477481118
35	1474.0564118375332
36	1314.0633402795356
37	1170.535839129152
38	1042.545294713891
39	928.7352946729588
40	827.4992063277969
41	737.323427429299
42	656.9545471849051
43	585.3230600789248
44	521.4911523354385
45	464.61782955777744
46	413.9456747416698
47	368.7974638491578
48	328.5699731763525
49	292.7265622216946
50	260.7895290997403
51	232.33324770334002
52	206.97838727929775
53	184.38689426019118
54	164.2575445821858
55	146.32195385763043
56	130.34099809841427
57	116.10161964450526
58	103.4139831633147
59	92.10894430276676
END

##############
# h_k_9.0 # 
##############

#Time 	total case
-1	3.9376867651957914e-10
1	224.97075000040834
2	179.92040404786292
3	201.49955768369261
4	219.1944187745804
5	233.70415178449764
6	262.44722517581295
7	314.98821062093293
8	370.0330184692432
9	424.9749376090267
10	478.06450742089373
11	537.5243862506359
12	615.3974657530475
13	709.7491226356901
14	817.5461445882538
15	935.330328425709
16	1064.8206082643046
17	1193.57243089054
18	1352.908657551965
19	1538.1332273732642
20	1749.6987631171924
21	1987.7893231082999
22	2198.849568808804
23	2384.6240490512428
24	2543.2037031153595
25	2668.7774181616987
26	2750.6948573784175
27	2840.6891928258774
28	2819.748120938206
29	2705.7433060058684
30	2493.348924690996
31	2181.376497485413
32	1926.1979120342949
33	1713.1038217370296
34	1529.7834323324496
35	1366.0165545267373
36	1217.7560095080407
37	1084.7549208026176
38	966.1517780116556
39	860.6886879565645
40	766.8764691944016
41	683.3126564541235
42	608.8360173449182
43	542.4556517998499
44	483.30262037397915
45	430.59766510785994
46	383.6389671650104
47	341.79901813238394
48	304.51887816760427
49	271.3013004978566
50	241.7036470963576
51	215.33153016467259
52	191.8334568751452
53	170.89618012955907
54	152.24057772348897
55	135.6179556404386
56	120.8067317376408
57	107.60947636105266
58	95.85027729847207
59	85.37239441608835
END

##############
# h_k_12.0 # 
##############

#Time 	total case
-1	3.9376867651957914e-10
1	239.96099999967328
2	184.71728277339744
3	205.4329953571753
4	222.41983370563628
5	236.34898701145266
6	269.3320336483873
7	320.5240596423662
8	373.6730245180379
9	426.41285633749567
10	477.1658371815229
11	536.5657382986615
12	612.8734818944281
13	704.0930675066938
14	807.3100862823148
15	919.2828393263162
16	1043.0844025945971
17	1158.919941744919
18	1305.2512681923945
19	1474.4238593869304
20	1666.5445950998037
21	1881.984282033769
22	2070.586477641349
23	2234.0631836433495
24	2370.419601901296
25	2474.0697366856803
26	2535.2369985915575
27	2628.8347301974827
28	2609.3722535213965
29	2503.559373191518
30	2306.806220613209
31	2018.1669975772093
32	1782.126668954923
33	1585.004431409805
34	1415.408449107039
35	1263.8924595562057
36	1126.7213930799408
37	1003.6696580435528
38	893.9392530100667
39	796.3654891473707
40	709.5702347714323
41	632.2560601066652
42	563.348836328456
43	501.9319447209273
44	447.2015356523916
45	398.43669764630613
46	354.9881573692328
47	316.275391947318
48	281.78131347590534
49	251.04590567386913
50	223.6596691767336
51	199.25773961326922
52	177.51493410317198
53	158.1414506385554
54	140.87905611698807
55	125.49766664332128
56	111.79227972237277
57	99.58023664096254
58	88.6987848936842
59	79.00290857093205
END

##############
# h_k_15.0 # 
##############

#Time 	total case
-1	3.9376867651957914e-10
1	254.95124999995087
2	189.51416149912154
3	209.3664330293808
4	225.64524863710403
5	238.9938222370332
6	275.7673514754438
7	325.54751974077976
8	376.7749809932027
9	427.3129396191812
10	475.7469398333319
11	534.7384599178786
12	609.2027872943768
13	697.1058644333034
14	795.6580151377675
15	901.829286320055
16	1019.7697774065418
17	1123.1860761663665
18	1256.9530682013828
19	1410.8052813659506
20	1584.5632905034763
21	1778.7277492405956
22	1946.494675117725
23	2089.5070777337132
24	2205.721001720496
25	2289.7839646162793
26	2332.732631561219
27	2428.7584134581302
28	2410.6969349525352
29	2312.647655815941
30	2130.685096343608
31	1864.0765553711535
32	1646.1010834004046
33	1464.0556526505752
34	1307.4163531296726
35	1167.46683711667
36	1040.765862779408
37	927.1076658961174
38	825.7542857803055
39	735.6291123589981
40	655.4588947766097
41	584.0453620900516
42	520.3966022526656
43	463.66611387241574
44	413.1114924625799
45	368.066908221037
46	327.9326933570701
47	292.1726812842826
48	260.3092939504495
49	231.91766225581523
50	206.61957141613675
51	184.078028935357
52	163.99269031890435
53	146.09588752935815
54	130.14910856666393
55	115.93983926065266
56	103.2787300472919
57	91.99706769082695
58	81.94452411364182
59	72.98715268462547
END

##############
# h_k_24.0 # 
##############

#Time 	total case
-1	3.9376867651957914e-10
1	299.9220000002025
2	203.90479767694023
3	221.1667460474295
4	235.32149343054357
5	246.92832791543742
6	292.3764217212283
7	337.54366123056593
8	382.8526768064162
9	426.786322377362
10	468.3690448163138
11	524.2473144761866
12	591.7070906418162
13	668.7247104404905
14	752.9127875179638
15	841.845743063428
16	941.5095819484768
17	1010.7919620740122
18	1109.6734014426256
19	1221.9467142796038
20	1346.8719213198656
21	1485.0824052752196
22	1599.423226360277
23	1691.1309709870584
24	1758.1695473744367
25	1795.9088358216795
26	1797.4966200972049
27	1894.8731125136692
28	1880.576496175032
29	1803.3875594783858
30	1660.9915888650394
31	1453.1411903260887
32	1283.3200761884436
33	1141.4681081108429
34	1019.377554631792
35	910.2745074028498
36	811.4968517730449
37	722.8902812790111
38	643.8773776989037
39	573.6168540760773
40	511.11534592047974
41	455.4389786340689
42	405.8149923010642
43	361.5838047149664
44	322.16683439706685
45	287.04512071170757
46	255.7512649861019
47	227.86737118732708
48	203.02120899260626
49	180.8816254057092
50	161.15382399602095
51	143.57513229387405
52	127.9114382760963
53	113.9540960244849
54	101.51718253037689
55	90.43503661302384
56	80.56005107373494
57	71.76070251517376
58	63.91979709761654
59	56.93290910844371
END

##############
# h_data # 
##############

#Time 	total case
0	240
1	18
2	145
3	128
4	84
5	369
6	270
7	266
8	300
9	431
10	361
11	808
12	769
13	1280
14	322
15	1489
16	1445
17	1095
18	1865
19	1587
20	1377
21	1571
22	1493
23	2171
24	2380
25	3251
26	1691
27	1555
28	1942
29	1643
29	2543
END

##############
# h_mu_0.01 # 
##############

#Time 	total case
-1	3.9376867651957914e-10
1	239.96099999967328
2	184.7173013443343
3	205.43304851467644
4	222.41993772761293
5	236.3491590856163
6	269.33229159220014
7	320.5244225887891
8	373.6735160775893
9	426.41350391479136
10	477.166671802579
11	536.5667943092594
12	612.8747970887653
13	704.0946849374495
14	807.3120553730041
15	919.2852166851262
16	1043.0872525231362
17	1158.9233367349843
18	1305.255289122957
19	1474.4285967213182
20	1666.5501508869565
21	1881.9907715248828
22	2070.594030875145
23	2234.071942410552
24	2370.429717381845
25	2474.081366986422
26	2535.2503058983384
27	2628.8498767007695
28	2609.389401111348
29	2503.578677776819
30	2306.8278240647633
31	2018.1910205614404
32	1782.1532022546162
33	1585.0335433375585
34	1415.4401893650356
35	1263.926862055545
36	1126.7584777736338
37	1003.7094322579433
38	893.9817130233205
39	796.410621659561
40	709.6180182246899
41	632.3064658431322
42	563.4018295878632
43	501.9874855244052
44	447.2595795830566
45	398.4971965493751
46	355.05105996892235
47	316.3406443903805
48	281.84885981382104
49	251.11568828501913
50	223.73162914230488
51	199.33181704181334
52	177.59106842440815
53	158.21958085383812
54	140.95912102322472
55	125.57960502354399
56	111.87603051649785
57	99.66573909328145
58	88.78597867907229
59	79.09173390719661
END

##############
# h_mu_0.015 # 
##############

#Time 	total case
-1	3.9376867651957914e-10
1	239.96099999967328
2	184.71729204831874
3	205.43302184488488
4	222.419885442387
5	236.34907244508668
6	269.332161503296
7	320.52423925623566
8	373.6732674200932
9	426.4131758934195
10	477.1662485009797
11	536.566258076045
12	612.874128465271
13	704.0938617459333
14	807.31105214534
15	919.2840042412827
16	1043.0857976986908
17	1158.9216021170741
18	1305.2532329324204
19	1474.426172193238
20	1666.5473052510279
21	1881.987445164883
22	2070.5901565086897
23	2234.0674465725606
24	2370.424521587116
25	2474.075388941059
26	2535.243460920323
27	2628.8420797565414
28	2609.380566966287
29	2503.568723854747
30	2306.816674498259
31	2018.1786098266093
32	1782.1394795955712
33	1585.018469119721
34	1415.423733191281
35	1263.9090014063768
36	1126.7391971235047
37	1003.6887224458478
38	893.9595704913736
39	796.3870477405071
40	709.593018505082
41	632.2800495986739
42	563.3740093009328
43	501.95827645083773
44	447.22899937645707
45	398.4652649125492
46	355.0177983555768
47	316.3060757377243
48	281.8130082986827
49	251.0785791210874
50	223.69328839056834
51	199.29227144769538
52	177.55034526697273
53	158.17770782721345
54	140.91612611365417
55	125.53551641617378
56	111.83087650677044
57	99.61954800819512
58	88.73877881178487
59	79.04355345486692
END

##############
# h_mu_0.02 # 
##############

#Time 	total case
-1	3.9376867651957914e-10
1	239.96099999967328
2	184.71728277339744
3	205.4329953571753
4	222.41983370563628
5	236.34898701145266
6	269.3320336483873
7	320.5240596423662
8	373.6730245180379
9	426.41285633749567
10	477.1658371815229
11	536.5657382986615
12	612.8734818944281
13	704.0930675066938
14	807.3100862823148
15	919.2828393263162
16	1043.0844025945971
17	1158.919941744919
18	1305.2512681923945
19	1474.4238593869304
20	1666.5445950998037
21	1881.984282033769
22	2070.586477641349
23	2234.0631836433495
24	2370.419601901296
25	2474.0697366856803
26	2535.2369985915575
27	2628.8347301974827
28	2609.3722535213965
29	2503.559373191518
30	2306.806220613209
31	2018.1669975772093
32	1782.126668954923
33	1585.004431409805
34	1415.408449107039
35	1263.8924595562057
36	1126.7213930799408
37	1003.6696580435528
38	893.9392530100667
39	796.3654891473707
40	709.5702347714323
41	632.2560601066652
42	563.348836328456
43	501.9319447209273
44	447.2015356523916
45	398.43669764630613
46	354.9881573692328
47	316.275391947318
48	281.78131347590534
49	251.04590567386913
50	223.6596691767336
51	199.25773961326922
52	177.51493410317198
53	158.1414506385554
54	140.87905611698807
55	125.49766664332128
56	111.79227972237277
57	99.58023664096254
58	88.6987848936842
59	79.00290857093205
END

##############
# h_mu_0.025 # 
##############

#Time 	total case
-1	3.9376867651957914e-10
1	239.96099999967328
2	184.71727351957142
3	205.43296904821483
4	222.41978251291982
5	236.34890276473084
6	269.33190798639316
7	320.5238836639023
8	373.67278722374067
9	426.4125449982771
10	477.1654374533082
11	536.5652343896113
12	612.8728565199053
13	704.0923010100705
14	807.3091561186284
15	919.2817196935712
16	1043.0830642306219
17	1158.9183517268884
18	1305.2493898919347
19	1474.4216519176298
20	1666.5420123880485
21	1881.9812720828668
22	2070.5829818308357
23	2234.0591383298415
24	2370.414939658549
25	2474.064387575192
26	2535.2308916021393
27	2628.8277952660756
28	2609.3644216788816
29	2503.550579357594
30	2306.7964075313284
31	2018.1561192494337
32	1782.11469471913
33	1584.9913420614466
34	1415.3942348089695
35	1263.8771183073113
36	1126.7049296824334
37	1003.65208334817
38	893.9205830393621
39	796.3457442981453
40	709.5494390984531
41	632.2342406981188
42	563.3260227734136
43	501.90816863715736
44	447.1768302741184
45	398.4110974600917
46	354.9616977978876
47	316.24810906916537
48	281.7532437821428
49	251.01708586114546
50	223.63013596554083
51	199.2275295859581
52	177.4840835722207
53	158.1099955322643
54	140.84703188091953
55	125.4651081527918
56	111.75922121690382
57	99.54671166348271
58	88.6648262471208
59	78.96854827405332
END

##############
# h_mu_0.04 # 
##############

#Time 	total case
-1	3.9376867651957914e-10
1	239.96099999967328
2	184.71724588687712
3	205.4328911927248
4	222.4196321390234
5	236.3486569861533
6	269.3315437581873
7	320.52337674594264
8	373.6721075538728
9	426.4116579167053
10	477.164304108122
11	536.5638123117424
12	612.8710995417778
13	704.0901567067776
14	807.3065643692062
15	919.2786117363221
16	1043.0793621969287
17	1158.9139682089926
18	1305.24422796428
19	1474.4156036523127
20	1666.5349562515275
21	1881.9730710016556
22	2070.5734813661456
23	2234.0481717541916
24	2370.402331824407
25	2474.049958795247
26	2535.2144619675855
27	2628.809190548498
28	2609.3434736720883
29	2503.5271340123472
30	2306.770336320282
31	2018.1273288213852
32	1782.083138140806
33	1584.9570064283107
34	1415.3571344078227
35	1263.837289545445
36	1126.6624276259536
37	1003.6069791236587
38	893.8729609738148
39	796.295699334325
40	709.4970745082464
41	632.1796661237167
42	563.2693525669674
43	501.8495204313149
44	447.1163237424262
45	398.3488532551346
46	354.8978366404408
47	316.18275097630976
48	281.6865074121306
49	250.94908797147218
50	223.56099095526588
51	199.15734912682092
52	177.4129763038145
53	158.03806682394497
54	140.7743836424197
55	125.39183869791304
56	111.68542516067828
57	99.47247986124421
58	88.59024575688818
59	78.89370235220849
END

##############
# h_gamma_5e-06 # 
##############

#Time 	total case
-1	3.9376867651957914e-10
1	239.96099999967328
2	184.7173013865228
3	205.43304887772695
4	222.41993883677662
5	236.3491615316069
6	269.3322961434651
7	320.52443019159614
8	373.67352789271763
9	426.41352135426905
10	477.1666965708728
11	536.5668284403409
12	612.8748429744805
13	704.094745370161
14	807.3121336050463
15	919.285316496128
16	1043.0873782953586
17	1158.9234935319291
18	1305.255482780267
19	1474.4288339199557
20	1666.5504392678831
21	1881.9911198111677
22	2070.5944490121947
23	2234.0724417114834
24	2370.430310627682
25	2474.0820685124563
26	2535.251131654102
27	2628.850844245979
28	2609.3905296527555
29	2503.579988134479
30	2306.8293385733996
31	2018.1927628948833
32	1782.1551970977598
33	1585.0358161669355
34	1415.4427662414237
35	1263.9297694589332
36	1126.76174245109
37	1003.713081085305
38	893.9857728893621
39	796.4151193651851
40	709.6229803934111
41	632.311918843603
42	563.4077994714753
43	501.99399796647776
44	447.26665983397834
45	398.50486939451366
46	355.0593496966758
47	316.34957476090494
48	281.85845403696294
49	251.1259690035222
50	223.74261841297994
51	199.343536329965
52	177.6035385872092
53	158.23282214459323
54	140.97315308042016
55	125.59444687518408
56	111.89170057667798
57	99.68225516898383
58	88.80335797113366
59	79.10999301364791
END

##############
# h_gamma_7.5e-06 # 
##############

#Time 	total case
-1	3.9376867651957914e-10
1	239.96099999967328
2	184.7172920805152
3	205.43302211800625
4	222.41988627065132
5	236.34907427042026
6	269.33216489537085
7	320.52424491587067
8	373.6732762037125
9	426.4131888431057
10	477.1662668734216
11	536.5662833650586
12	612.8741624289005
13	704.0939064300956
14	807.3111099331245
15	919.2840778978871
16	1043.0858904288607
17	1158.9217176184175
18	1305.2533754613196
19	1474.4263466223201
20	1666.5475171466023
21	1881.9877008768963
22	2070.590463272316
23	2234.0678126118582
24	2370.4249561867364
25	2474.0759025069055
26	2535.2440650140197
27	2628.842787094589
28	2609.381391437735
29	2503.5696804892395
30	2306.817779392324
31	2018.1798800045362
32	1782.140932761533
33	1585.020123485796
34	1415.4256073311408
35	1263.9111141200774
36	1126.7415673280557
37	1003.6913690753354
38	893.9625124051308
39	796.3903036500633
40	709.5966069123679
41	632.2839887384689
42	563.3783170905881
43	501.9629704593899
44	447.2340967789496
45	398.470782473436
46	355.02375239772664
47	316.3124821289748
48	281.8198824363717
49	251.08593591982208
50	223.70114227550948
51	199.3006363457098
52	177.5592346099147
53	158.18713454416138
54	140.9261026352615
55	125.54605467704096
56	111.84198794519034
57	99.63124357409106
58	88.75106897216028
59	79.05644820049201
END

##############
# h_gamma_1e-05 # 
##############

#Time 	total case
-1	3.9376867651957914e-10
1	239.96099999967328
2	184.71728277339744
3	205.4329953571753
4	222.41983370563628
5	236.34898701145266
6	269.3320336483873
7	320.5240596423662
8	373.6730245180379
9	426.41285633749567
10	477.1658371815229
11	536.5657382986615
12	612.8734818944281
13	704.0930675066938
14	807.3100862823148
15	919.2828393263162
16	1043.0844025945971
17	1158.919941744919
18	1305.2512681923945
19	1474.4238593869304
20	1666.5445950998037
21	1881.984282033769
22	2070.586477641349
23	2234.0631836433495
24	2370.419601901296
25	2474.0697366856803
26	2535.2369985915575
27	2628.8347301974827
28	2609.3722535213965
29	2503.559373191518
30	2306.806220613209
31	2018.1669975772093
32	1782.126668954923
33	1585.004431409805
34	1415.408449107039
35	1263.8924595562057
36	1126.7213930799408
37	1003.6696580435528
38	893.9392530100667
39	796.3654891473707
40	709.5702347714323
41	632.2560601066652
42	563.348836328456
43	501.9319447209273
44	447.2015356523916
45	398.43669764630613
46	354.9881573692328
47	316.275391947318
48	281.78131347590534
49	251.04590567386913
50	223.6596691767336
51	199.25773961326922
52	177.51493410317198
53	158.1414506385554
54	140.87905611698807
55	125.49766664332128
56	111.79227972237277
57	99.58023664096254
58	88.6987848936842
59	79.00290857093205
END

##############
# h_gamma_1.25e-05 # 
##############

#Time 	total case
-1	3.9376867651957914e-10
1	239.96099999967328
2	184.71727346628072
3	205.4329685963432
4	222.41978114062022
5	236.34889975137503
6	269.3319024025136
7	320.5238743699713
8	373.67277283569524
9	426.4125238352167
10	477.1654074962894
11	536.5651932411474
12	612.8728013721739
13	704.0922285977331
14	807.3090626515032
15	919.281600780303
16	1043.0829147925633
17	1158.9181659125443
18	1305.2491609745957
19	1474.421372213781
20	1666.5416731297028
21	1881.9808632806871
22	2070.582492120404
23	2234.05855480595
24	2370.414247771365
25	2474.063571048773
26	2535.2299323856278
27	2628.8266735568504
28	2609.363115902637
29	2503.5490662391385
30	2306.7946622337986
31	2018.1541156106614
32	1782.112405676853
33	1584.9887399389481
34	1415.3912915702094
35	1263.8738057695518
36	1126.7012197045406
37	1003.647947991034
38	893.9159947053195
39	796.3406758537749
40	709.5438639683707
41	632.2281329492835
42	563.3193571828742
43	501.90092075218854
44	447.16897645436984
45	398.40261491417914
46	354.9525646089387
47	316.23830421706225
48	281.742747154487
49	251.00587826342962
50	223.61819911886414
51	199.2148461327015
52	177.47063706367044
53	158.09577042551246
54	140.83201352442848
55	125.4492827751601
56	111.7425759104226
57	99.52923436969286
58	88.64650573452673
59	78.94937412501167
END

##############
# h_gamma_2e-05 # 
##############

#Time 	total case
-1	3.9376867651957914e-10
1	239.96099999967328
2	184.71724554714885
3	205.43288831496062
4	222.4196234477954
5	236.34863797780577
6	269.3315086737757
7	320.52331856611295
8	373.67201780532673
9	426.4115263572535
10	477.1641184794548
11	536.5635581208167
12	612.8707598742812
13	704.0897119641741
14	807.3059918801864
15	919.2778852967413
16	1043.0784515820715
17	1158.9128386577268
18	1305.2428396224368
19	1474.4139110634023
20	1666.5329076673534
21	1881.9706075705162
22	2070.5705362121807
23	2234.044669078201
24	2370.3981863157387
25	2474.0450752428333
26	2535.208735074695
27	2628.8025051628283
28	2609.3357048340076
29	2503.5181474616256
30	2306.759989503931
31	2018.1154724857988
32	1782.069619024871
33	1584.9416691527076
34	1415.3398230801395
35	1263.8178490673818
36	1126.6407048178444
37	1003.5828236980378
38	893.8462263351103
39	796.2662432386278
40	709.4647595909046
41	632.1443603226144
42	563.2309294541992
43	501.80785946115066
44	447.07131042682886
45	398.3003792846648
46	354.8457999396196
47	316.12705572689447
48	281.6270640287694
49	250.88581304860418
50	223.4938071840661
51	199.08618519203446
52	177.33776675849367
53	157.9587519497727
54	140.69090929673257
55	125.30415615055972
56	111.59349092555203
57	99.37625551769452
58	88.48969776999729
59	78.78880188870971
END

##############
# h_delta_0.1 # 
##############

#Time 	total case
-1	3.9376867651957914e-10
1	249.96099999948353
2	191.41378182353216
3	212.00804425458563
4	228.68935127274642
5	242.2011557207228
6	274.10713798116694
7	325.31170418683314
8	377.89293024211725
9	429.4760754692529
10	478.53908706336733
11	535.4809734582373
12	609.2098413602375
13	697.2705279084903
14	796.3921568980422
15	903.103665382524
16	1020.1983935201961
17	1129.4724520569898
18	1267.6862239374805
19	1427.2209651400517
20	1607.7529623657229
21	1809.1821664368836
22	1982.153085869555
23	2129.2197953922077
24	2249.096820666833
25	2336.922904845469
26	2383.850820302334
27	2456.8361103399075
28	2422.9226303261275
29	2307.8969139628534
30	2108.9901932750217
31	1826.914289248998
32	1598.4323398812412
33	1409.371151036823
34	1248.1669099446226
35	1105.4259825753034
36	977.1713608222926
37	863.0517219977555
38	762.1474126314934
39	673.1954647868552
40	594.7521204315854
41	525.4697430157757
42	464.2408979819884
43	410.1272961465729
44	362.3123094768016
45	320.0697814507221
46	282.7511551002244
47	249.78149239117192
48	220.65306649092236
49	194.91804401652917
50	172.18116006169294
51	152.0932076402314
52	134.34558500906132
53	118.66559146939107
54	104.81228884122538
55	92.57282096997369
56	81.75914076403569
57	72.20511478562548
58	63.76396720077173
59	56.30602398831252
END

##############
# h_delta_0.15 # 
##############

#Time 	total case
-1	3.9376867651957914e-10
1	244.9610000001342
2	188.0905322982067
3	208.7576360541047
4	225.6012798531417
5	239.32879536118207
6	271.7780008436432
7	322.9909200150671
8	375.8745021242139
9	428.05480056686747
10	477.9790288762256
11	536.1614523283351
12	611.190891459225
13	700.8436149986883
14	802.025429612715
15	911.3762343408152
16	1031.824485621939
17	1144.3804653881816
18	1286.6461790634876
19	1450.9875841615376
20	1637.2939589890975
21	1845.6955396922913
22	2026.416042840663
23	2181.589844622733
24	2309.5811466470914
25	2405.1725554010955
26	2459.0604044534557
27	2542.0621033578536
28	2515.088011435593
29	2404.3730833469745
30	2206.264609124133
31	1920.678261369023
32	1688.2370583456795
33	1495.007235729281
34	1329.5054520194099
35	1182.3081322491635
36	1049.5508768409636
37	930.943236782412
38	825.624144405796
39	732.377394581199
40	649.7896972518283
41	576.5360698960139
42	511.52352012194024
43	453.8226089925083
44	402.6213196276658
45	357.1945322591273
46	316.89191683496756
47	281.13449281342037
48	249.40875931855408
49	221.25984430254175
50	196.284553280384
51	174.12516089103156
52	154.46419603543472
53	137.0199282421163
54	121.542381820429
55	107.80977578450984
56	95.62534415506525
57	84.81451080030092
58	75.22238469698641
59	66.71153999013768
END

##############
# h_delta_0.2 # 
##############

#Time 	total case
-1	3.9376867651957914e-10
1	239.96099999967328
2	184.71728277339744
3	205.4329953571753
4	222.41983370563628
5	236.34898701145266
6	269.3320336483873
7	320.5240596423662
8	373.6730245180379
9	426.41285633749567
10	477.1658371815229
11	536.5657382986615
12	612.8734818944281
13	704.0930675066938
14	807.3100862823148
15	919.2828393263162
16	1043.0844025945971
17	1158.919941744919
18	1305.2512681923945
19	1474.4238593869304
20	1666.5445950998037
21	1881.984282033769
22	2070.586477641349
23	2234.0631836433495
24	2370.419601901296
25	2474.0697366856803
26	2535.2369985915575
27	2628.8347301974827
28	2609.3722535213965
29	2503.559373191518
30	2306.806220613209
31	2018.1669975772093
32	1782.126668954923
33	1585.004431409805
34	1415.408449107039
35	1263.8924595562057
36	1126.7213930799408
37	1003.6696580435528
38	893.9392530100667
39	796.3654891473707
40	709.5702347714323
41	632.2560601066652
42	563.348836328456
43	501.9319447209273
44	447.2015356523916
45	398.43669764630613
46	354.9881573692328
47	316.275391947318
48	281.78131347590534
49	251.04590567386913
50	223.6596691767336
51	199.25773961326922
52	177.51493410317198
53	158.1414506385554
54	140.87905611698807
55	125.49766664332128
56	111.79227972237277
57	99.58023664096254
58	88.6987848936842
59	79.00290857093205
END

##############
# h_delta_0.25 # 
##############

#Time 	total case
-1	3.9376867651957914e-10
1	234.96100000032274
2	181.29403324888398
3	202.03337216479827
4	219.14328059242428
5	233.2589009525242
6	266.7652901600102
7	317.90611488387503
8	371.2817695397532
9	424.5410113495511
10	476.08705853831043
11	536.6776304763357
12	614.237401365479
13	706.9941041244319
14	812.215848107634
15	926.786555295259
16	1053.933458221546
17	1173.0368188293241
18	1323.4369544873862
19	1497.4532209109348
20	1695.4142331348921
21	1917.94124020054
22	2114.541401724686
23	2286.502682655355
24	2431.463415058228
25	2543.4570081256497
26	2612.2176204826974
27	2717.0034712324377
28	2705.6447128258005
29	2605.3567487542314
30	2410.5591945042906
31	2119.3777894453306
32	1880.1494526418974
33	1679.4591365667584
34	1506.0171109285147
35	1350.3614394093893
36	1208.9038647964844
37	1081.4872951083744
38	967.3810207638453
39	865.476460335718
40	774.4352575648154
41	692.9924780492147
42	620.0973724210271
43	554.8502450815868
44	496.45913168358675
45	444.2106842337671
46	397.4597169550325
47	355.6268772995827
48	318.19389606321784
49	284.6977276107282
50	254.7244108578234
51	227.90353532525478
52	203.90357026463607
53	182.42779769677873
54	163.21069420502317
55	146.01467060852883
56	130.6271340850726
57	116.85785503000079
58	104.53661242221278
59	93.51108911402116
END

##############
# h_delta_0.4 # 
##############

#Time 	total case
-1	3.9376867651957914e-10
1	219.96100000005174
2	170.72428467376423
3	191.37710761744535
4	208.72543208605703
5	223.29797069015
6	258.29949537584093
7	309.09329544625916
8	362.89854551495614
9	417.44866398811996
10	471.1252354580856
11	535.0861769414528
12	616.1998289211924
13	713.3381818019452
14	824.3293833549988
15	946.4748445965188
16	1083.5212407931986
17	1212.2494231172068
18	1374.7522745309634
19	1563.2316131658554
20	1778.7003189506813
21	2022.5846624552014
22	2243.6782541906177
23	2441.9975955023256
24	2614.0421906375195
25	2752.637652174173
26	2845.955278921432
27	2987.9454391747204
28	3004.6210528541596
29	2924.9504101150887
30	2740.0658507000335
31	2444.894147549843
32	2199.126800649581
33	1990.213985973991
34	1807.2302588458406
35	1640.705324229304
36	1487.604138204988
37	1347.992394533867
38	1221.3629299954046
39	1106.800321047449
40	1003.1114992401417
41	909.1582552552791
42	823.9872614115739
43	746.7748799803376
44	676.7881690244903
45	613.3579711032507
46	555.8711825917708
47	503.7700737037594
48	456.54924445454526
49	413.75132043382473
50	374.9621312380259
51	339.80631288726727
52	307.9435821186562
53	279.06546949112817
54	252.89238174015918
55	229.1709176990189
56	207.6714163267825
57	188.185729884608
58	170.52520683473995
59	154.51886573291995
END
