
##############
# h_beta_0.032 # 
##############

#Time 	total case
-1	2.842642570985432e-10
1	207.60772990630383
2	220.37527618677555
3	170.59233835066073
4	154.79042063806673
5	152.6117334094231
6	197.57786844861596
7	348.13797302558646
8	209.8685330052367
9	256.1040457726631
10	300.18649946230494
11	362.7383494210344
12	158.699884804887
13	310.17630670127073
14	536.4216683466052
15	500.7291300303191
16	441.0681959020735
17	466.00688193914993
18	662.2223145350617
19	544.7989265838287
20	479.3875901481115
21	830.6776075809858
22	826.2409220956688
23	1170.7232966259035
24	1175.787399683999
25	1060.7246195847674
26	703.0049867567031
27	961.3442994814504
28	1165.8601539963438
29	1365.2690267066755
30	979.2802260269564
31	902.1399346072467
32	597.5330220163705
33	395.90647650368555
34	580.9916426783784
35	574.590858849584
36	560.0848201218614
37	446.3874004715326
38	374.50277970364186
39	302.80196957818407
40	255.84764349908437
41	236.29761175865133
42	214.4496185069329
43	194.01856381746256
44	175.43680224978743
45	158.80545973217886
46	143.88410313657369
47	130.38351013906868
48	118.12999672103251
49	107.00616341664136
50	96.92159142944729
51	87.7882161729176
52	79.51708028930807
53	72.02518276892079
54	65.23766520132267
55	59.08790819213755
56	53.516184905667615
57	48.46836898941183
58	43.89527146445471
59	39.75222349418618
60	35.99873978560208
61	32.59816463029347
62	29.51730684375798
63	26.726102015505603
64	24.197311387095397
65	21.906255447713193
66	19.830574972856994
67	17.95001394447536
68	16.246221988942125
69	14.702574939889018
70	13.304012278189475
71	12.036889994142257
72	10.888847367208655
73	9.84868629212724
74	8.906261932777852
75	8.052383651171112
76	7.278725249110721
77	6.577743654062942
78	5.942605259802804
79	5.367119189857476
80	4.845676846412971
81	4.37319713225952
82	3.945076841941045
83	3.5571457024307165
84	3.2056256581490743
85	2.8870939736807486
86	2.5984498099096527
87	2.3368839533432038
88	2.099851380324253
89	1.8850464066163113
90	1.6903801811313315
91	1.513960281310574
92	1.3540722474717768
93	1.2091628378329915
94	1.0778248637725483
95	0.9587834567464597
96	0.8508836216533382
97	0.7530789584779995
98	0.6644214533007471
99	0.5840522230428178
100	0.511193129390449
101	0.44513918974553235
102	0.3852516937549808
103	0.33095197090369766
104	0.28171574361476814
105	0.2370680136809824
106	0.19657842525703018
107	0.1598570688838663
108	0.12655067551895627
109	0.09633917232713429
110	0.06893256231705891
111	0.0440680924039043
112	0.021507694887986872
113	0.001035666988173034
114	-0.01754343721404439
115	-0.03440670513009536
116	-0.04971459695298108
117	-0.06361250466579804
118	-0.0762321712609264
119	-0.08769297308390378
END

##############
# h_beta_0.0387 # 
##############

#Time 	total case
-1	2.842642570985432e-10
1	215.9291758873969
2	247.48674660618494
3	195.04860975196414
4	179.06810674548308
5	178.01741932433788
6	236.36526078825693
7	430.51358770237994
8	267.5522605063188
9	333.87271835653837
10	398.77299028677135
11	492.10929307668994
12	220.53888781937349
13	440.6594175107207
14	780.1571095547188
15	745.7333522134504
16	671.9197658871126
17	725.4665622533366
18	1054.564914302904
19	887.4685336533648
20	797.3132531629217
21	1409.485825311549
22	1430.6500119197735
23	2067.970960779372
24	2120.2759554789045
25	1952.8048133672855
26	1320.0625061376522
27	1840.4206244923662
28	2269.5287450453434
29	2697.986389537731
30	1963.024349252686
31	1829.6111046649094
32	1229.744029979116
33	826.962578039962
34	1229.777841272935
35	1231.9402857123787
36	1215.7426624056097
37	981.8523224926175
38	835.7661885227353
39	686.0307412080729
40	588.0362981278158
41	550.3538058654885
42	505.7899940039788
43	463.3212901788793
44	424.2776675350615
45	389.0703042009409
46	357.1720395140874
47	327.92437667674676
48	300.99566033920564
49	276.20611438124615
50	253.43680016858707
51	232.55361421019188
52	213.40091807370482
53	195.82807876810693
54	179.6991000986236
55	164.8942078265609
56	151.30588018501294
57	138.83515110853477
58	127.39041863007151
59	116.88713522223406
60	107.24766355643806
61	98.40088287674007
62	90.28160982733243
63	82.8300408015275
64	75.99127311805933
65	69.71490230244672
66	63.954664502431115
67	58.66810306489788
68	53.816256421276194
69	49.36336892196414
70	45.276625771279214
71	41.52591085308086
72	38.08358501836483
73	34.92428261372697
74	32.02472458456759
75	29.36354682455567
76	26.921142620121827
77	24.67951808313228
78	22.62215948695666
79	20.733911520292168
80	19.00086555172311
81	17.41025707758672
82	15.95037160794891
83	14.610458287599613
84	13.380650626408169
85	12.251893750144518
86	11.215877633250784
87	10.264975825870351
88	9.392189219077409
89	8.591094438525033
90	7.8557964787469245
91	7.180885240704811
92	6.561395639000693
93	5.992770989963901
94	5.470829418467474
95	4.9917330231983215
96	4.551959577358502
97	4.14827656235866
98	3.777717332217435
99	3.4375592438373133
100	3.125303582295601
101	2.8386571429437026
102	2.5755153206191608
103	2.333946598053444
104	2.1121783053022227
105	1.9085835558071267
106	1.7216692487781984
107	1.550065068906406
108	1.392513383718324
109	1.2478599716050667
110	1.1150455229289946
111	0.9930978223419515
112	0.8811245959441294
113	0.7783069248616812
114	0.6838932195241796
115	0.5971936772402842
116	0.5175752038703649
117	0.44445674294547644
118	0.37730500315956306
119	0.3156305232914747
END

##############
# h_beta_0.043 # 
##############

#Time 	total case
-1	2.842642570985432e-10
1	221.476806541565
2	265.56106021838224
3	211.35279068651994
4	195.25323081766908
5	194.95454326852712
6	263.0068577261932
7	488.97764912863727
8	309.4294455806462
9	391.0999393658699
10	472.0389429011875
11	589.7466935231664
12	268.17840404340814
13	543.0819389078697
14	975.0767293918161
15	945.0860214456916
16	862.8665977316932
17	943.6317752942914
18	1390.2912655651417
19	1185.8820365911488
20	1078.6195851499342
21	1929.4279889226073
22	1982.0155221145706
23	2899.1170682528427
24	3009.280030943719
25	2805.9690144222222
26	1919.1390971786823
27	2706.5558768645897
28	3371.0104547173432
29	4043.847293406405
30	2967.9001568956955
31	2786.1066425242607
32	1889.5984915839508
33	1282.288692348273
34	1922.4056052552987
35	1940.882887116859
36	1929.788312681325
37	1571.169509809224
38	1349.315962854802
39	1117.8210883550855
40	966.5489615835031
41	911.9124227328066
42	844.4908085793359
43	779.4563308070501
44	719.3106199693648
45	664.8804776019606
46	615.2913172719345
47	569.4405186571967
48	526.8393056013301
49	487.27915648733324
50	450.6525680170307
51	416.804065905053
52	385.52132483933383
53	356.5926106992265
54	329.8282287907059
55	305.0643286427876
56	282.15456893314695
57	260.9625999014024
58	241.36031453649048
59	223.2280627780492
60	206.45511902828002
61	190.939424266704
62	176.58679631621635
63	163.31014750116447
64	151.02885933811194
65	139.66830546446727
66	129.15944042445335
67	119.43840158759849
68	110.44612242987205
69	102.12796723927022
70	94.43339479177666
71	87.31565086312185
72	80.7314854063734
73	74.64089085122396
74	69.00685937117669
75	63.795157930930145
76	58.97412016405724
77	54.51445392605092
78	50.389063343624
79	46.572884213368525
80	43.04273171494424
81	39.77715951432765
82	36.756329429656034
83	33.96189085689548
84	31.376869237225037
85	28.985562886999105
86	26.773447554383893
87	24.727088140076376
88	22.83405702537857
89	21.082858523717732
90	19.462859001447214
91	17.96422223497939
92	16.577849610956036
93	15.295324814709602
94	14.108862664157641
95	13.011261779436609
96	11.995860801194794
97	11.05649789479503
98	10.187473288475303
99	9.383514618879417
100	8.63974488202075
101	7.951652778181597
102	7.315065289833001
103	6.726122311709332
104	6.181253182570799
105	5.677154977529426
106	5.210772429723875
107	4.779279358306667
108	4.380061485324404
109	4.010700549042667
110	3.668959597926005
111	3.3527693943178747
112	3.0602158424881054
113	2.789528345441795
114	2.539069051577826
115	2.3073228922730777
116	2.092888380473596
117	1.8944690902135335
118	1.7108657752396539
119	1.5409690872620558
END

##############
# h_beta_0.0473 # 
##############

#Time 	total case
-1	2.842642570985432e-10
1	227.02443719488934
2	283.63537383179715
3	227.65697162134273
4	211.43835488986156
5	211.8916672127283
6	290.2750937536166
7	550.2790922919323
8	354.0434138223884
9	452.63163910697585
10	551.3369423675981
11	696.6368690588592
12	321.1502450269695
13	658.5714369191737
14	1197.8713880534115
15	1175.7677088213632
16	1086.4435548863667
17	1202.1832356451123
18	1793.364052523064
19	1548.84125277762
20	1424.792661047155
21	2576.3620145361165
22	2675.8353963911395
23	3956.906915839383
24	4154.202990156991
25	3917.7914593051173
26	2708.548179623336
27	3860.3623274382626
28	4852.386463137038
29	5869.948369919854
30	4343.1868834404595
31	4104.761603865387
32	2807.640079536184
33	1921.5633982294094
34	2902.6975115011373
35	2952.006977533936
36	2955.7315029627207
37	2424.7045318365563
38	2099.6919894957537
39	1754.4885188982298
40	1529.439300638027
41	1453.8051876818936
42	1355.9051732235675
43	1260.3458081708086
44	1171.5309551238606
45	1090.9616545324388
46	1017.2044256623776
47	948.4548140452825
48	884.0105121290107
49	823.6669554465334
50	767.3827910902037
51	715.0029780234327
52	666.2480097153311
53	620.8293229927513
54	578.4929305150581
55	539.0269751927553
56	502.2445698616939
57	467.96881767417653
58	436.03026141400915
59	406.2684699602687
60	378.5339745539968
61	352.6884081305325
62	328.6033554699825
63	306.1591944633692
64	285.2442790475179
65	265.75443184799224
66	247.59253934731532
67	230.66812248239876
68	214.89688643931004
69	200.20028223231202
70	186.5051041187544
71	173.74312507692957
72	161.85076146552456
73	150.76875988638494
74	140.4419032681908
75	130.8187357722636
76	121.85130634084635
77	113.49493003229145
78	105.70796580889146
79	98.4516094634455
80	91.68970054842066
81	85.38854238127533
82	79.51673426039633
83	74.04501511306444
84	68.94611778011313
85	64.19463321646617
86	59.76688393486256
87	55.640806054798304
88	51.79583937676216
89	48.21282494123443
90	44.87390955888259
91	41.7624568441679
92	38.86296430534276
93	36.16098607509048
94	33.643060910340864
95	31.296645094640553
96	29.110049904484185
97	27.07238334293652
98	25.173495838214876
99	23.403929646796314
100	21.7548716909223
101	20.218109629364335
102	18.78599090044736
103	17.451384576474084
104	16.207645797840087
105	15.048582644725684
106	13.968425264305552
107	12.961797093856148
108	12.023688057350228
109	11.149429577184492
110	10.334671301170602
111	9.575359401249443
112	8.867716366352397
113	8.208222163069877
114	7.593596682083444
115	7.0207833850581665
116	6.486934060725616
117	5.989394626536523
118	5.525691890579765
119	5.09352122299606
END

##############
# h_beta_0.05375 # 
##############

#Time 	total case
-1	2.842642570985432e-10
1	235.34588317654197
2	310.74684425053437
3	252.11324302290723
4	235.7160409975479
5	237.2973531287239
6	332.35233759153493
7	647.550928770446
8	426.0951974951663
9	552.9986958425111
10	681.5914257748577
11	874.5841723990461
12	410.9832243449191
13	857.6534316621792
14	1587.9421760506284
15	1585.2355383975964
16	1488.6372975826016
17	1673.8498821944468
18	2539.8852168699104
19	2231.283621355218
20	2084.475485299805
21	3824.8136054050447
22	4032.219365381796
23	6052.059047420276
24	6453.355609503247
25	6181.207078482752
26	4336.240566801462
27	6269.364033293445
28	7979.538219839538
29	9764.63317238113
30	7306.293593060051
31	6970.43662487359
32	4824.307166883125
33	3340.9386198797147
34	5099.795246489157
35	5238.634342274818
36	5295.962130575703
37	4390.034548618089
38	3845.4752356324607
39	3251.5859179424733
40	2866.3158241437486
41	2752.593149537468
42	2592.3184107746492
43	2433.1094717616506
44	2284.3144506075478
45	2149.1553360737744
46	2024.703718650242
47	1907.3338792794966
48	1795.8790741492412
49	1690.2730868123472
50	1590.7678368698107
51	1497.2899789095973
52	1409.433219600527
53	1326.7527445712767
54	1248.877080401522
55	1175.5252331265656
56	1106.4594453359314
57	1041.4457371231983
58	980.249599228584
59	922.6431105904339
60	868.4124000236916
61	817.3592604579462
62	769.2987118715537
63	724.0565905849799
64	681.4682480774063
65	641.3781923365605
66	603.6399454367347
67	568.1156929858844
68	534.6757656596019
69	503.1980888803664
70	473.5676962429716
71	445.67631592208636
72	419.4219972345163
73	394.70875423651887
74	371.44622038377565
75	349.5493183854851
76	328.9379495525209
77	309.5367030267953
78	291.2745829706837
79	274.08475160584203
80	257.90428673883434
81	242.6739530551422
82	228.3379866281175
83	214.8438920295157
84	202.14225127125974
85	190.1865438912646
86	178.93297747606994
87	168.34032805156312
88	158.36978974906378
89	148.98483324650442
90	140.151072461711
91	131.83613902391517
92	124.00956407064223
93	116.64266695213155
94	109.7084504274826
95	103.18150199123193
96	97.03790096845478
97	91.25513103313278
98	85.8119978607283
99	80.68855158094084
100	75.86601378110936
101	71.3267087827553
102	67.05399893209687
103	63.03222369207651
104	59.246642299112864
105	55.683379776543006
106	52.32937611354282
107	49.172338430711534
108	46.20069593525841
109	43.403557532757986
110	40.77067191130482
111	38.29238998211804
112	35.959629505639896
113	33.76384180865716
114	31.69698044352117
115	29.751471696887165
116	27.92018681654008
117	26.196415878192056
118	24.573843186430167
119	23.046524109056918
END

##############
# h_k_10.5 # 
##############

#Time 	total case
-1	2.842642570985432e-10
1	207.60772990642596
2	258.5655449298586
3	206.92341196304955
4	192.41333696770857
5	192.91510466630496
6	256.24938097900235
7	481.9732755965365
8	306.5891819792357
9	390.6734838215443
10	473.24709937930857
11	590.6201986448568
12	270.60938158831004
13	550.6648602228047
14	991.0985669379525
15	963.0295963644621
16	883.0257925394126
17	971.9044749357663
18	1440.4074053135564
19	1237.8575711466292
20	1133.8527537788013
21	2039.2375099405435
22	2102.9672604953266
23	3091.317318026873
24	3223.6483482776966
25	3022.3646203940916
26	2079.565634802566
27	2920.68284214113
28	3637.514212140759
29	4364.235348310482
30	3203.515295636098
31	3007.290118772449
32	2039.4973573281677
33	1383.9475534828962
34	2074.768579738826
35	2094.698203382628
36	2082.712925595035
37	1695.6550718675135
38	1456.1970612192454
39	1206.3409588700451
40	1043.0705798304189
41	984.0923165590575
42	911.3200055515117
43	841.125698228585
44	776.208430870116
45	717.4603385243681
46	663.9377823338073
47	614.450973278741
48	568.4723286562512
49	525.7766229038389
50	486.24764840421267
51	449.71748869202565
52	415.9569257934636
53	384.7373918822559
54	355.85410187742673
55	329.1301583309105
56	304.4075629454601
57	281.53910857785377
58	260.386491713798
59	240.8205418605794
60	222.7217244051135
61	205.97986158827553
62	190.49328012218757
63	176.16796681693813
64	162.9168935130001
65	150.65950188618444
66	139.32125930397888
67	128.8332289304235
68	119.13165213170578
69	110.15755404229276
70	101.8563803932484
71	94.1776654880814
72	87.07472680023056
73	80.50438238664356
74	74.42668877703545
75	68.80469808071211
76	63.60423326039745
77	58.793680327245966
78	54.34379620703112
79	50.227531007665675
80	46.419863589893794
81	42.89764944775379
82	39.639479975390714
83	36.62555229529971
84	33.837548832263565
85	31.258525932382327
86	28.872810821354506
87	26.665906287089456
88	24.624402514542453
89	22.73589552602789
90	20.988911740743788
91	19.372838186623994
92	17.877857952393242
93	16.494890473637497
94	15.215536302261171
95	14.032026014334406
96	12.937172950754757
97	11.924329505389323
98	10.987346687921672
99	10.120536720511154
100	9.318638442913652
101	8.576785308032413
102	7.89047578231839
103	7.255545963023906
104	6.668144251976628
105	6.124707928189309
106	5.621941476056236
107	5.156796544295503
108	4.726453401744948
109	4.328303790753125
110	3.959935062986915
111	3.6191155000415165
112	3.3037807535001775
113	3.0120212769543286
114	2.7420707230630796
115	2.492295197051135
116	2.261183323455043
117	2.0473370545805665
118	1.8494631720968755
119	1.6663654194417177
END

##############
# h_k_12.6 # 
##############

#Time 	total case
-1	2.842642570985432e-10
1	215.92917588693368
2	262.7628541025672
3	209.58103919728433
4	194.11727327847063
5	194.1387678279524
6	260.3516387755142
7	486.27675442514237
8	308.3567294299353
9	390.9912728449135
10	472.5839369334044
11	590.2113820925556
12	269.21747483903437
13	546.2362033008199
14	981.6950092659063
15	952.4571752684396
16	871.0999778605492
17	955.0507764335025
18	1410.4228647707523
19	1206.6697190867344
20	1100.6183348626691
21	1973.0333137756752
22	2029.943699248559
23	2975.102775709367
24	3093.856815503492
25	2891.1562311426496
26	1982.156556634658
27	2790.791144852188
28	3475.8526773677368
29	4169.880892469846
30	3060.581055845847
31	2873.110646056295
32	1948.5633719852412
33	1322.2783598742462
34	1982.3413269278244
35	2001.3901264954475
36	1989.9453617947802
37	1620.1395666182652
38	1391.361130556019
39	1152.6435841754064
40	996.6517665474894
41	940.3074586778093
42	870.7811152113427
43	803.7169676120466
44	741.69431241649
45	685.5656549461855
46	634.4292420150232
47	587.148160246019
48	543.2183686254066
49	502.42477682654135
50	464.6564599024132
51	429.7530507271513
52	397.4955797046423
53	367.66569145401445
54	340.067755845841
55	314.5327908719337
56	290.9098704404605
57	269.0583744641772
58	248.84618548156868
59	230.14990884998406
60	212.85535419054213
61	196.857269195767
62	182.05852524435613
63	168.36931066973193
64	155.7064858690428
65	143.99309124308638
66	133.1579230369971
67	123.13512273436936
68	113.8637782145961
69	105.28754698227567
70	97.35430929310678
71	90.01585100992816
72	83.22757190858829
73	76.94821575723472
74	71.13961995908176
75	65.76648355505313
76	60.79615256244142
77	56.198421489898465
78	51.94534980907338
79	48.011092191547505
80	44.371741441704216
81	41.00518319045659
82	37.89096146682277
83	35.01015435317822
84	32.34525895478146
85	29.880084992415505
86	27.599656385267735
87	25.49012018792564
88	23.53866237375769
89	21.733429921761854
90	20.06345874615363
91	18.518607031714055
92	17.089493568448233
93	15.76744070427958
94	14.544421583894291
95	13.413011335374904
96	12.36634192627389
97	11.398060395222274
98	10.50229022403073
99	9.67359560453042
100	8.906948381554685
101	8.197697479336057
102	7.541540621241438
103	6.934498165777768
104	6.372888908110326
105	5.853307701996528
106	5.372604745178251
107	4.927866436511977
108	4.516397654282628
109	4.1357053735118825
110	3.7834835057437886
111	3.4575988788710674
112	3.1560782692104112
113	2.8770964029536117
114	2.6189648626896087
115	2.3801218196895206
116	2.1591225446609315
117	1.9546306178090163
118	1.7654098143684678
119	1.5903165843192255
END

##############
# h_k_14.0 # 
##############

#Time 	total case
-1	2.842642570985432e-10
1	221.476806541565
2	265.56106021838224
3	211.35279068651994
4	195.25323081766908
5	194.95454326852712
6	263.0068577261932
7	488.97764912863727
8	309.4294455806462
9	391.0999393658699
10	472.0389429011875
11	589.7466935231664
12	268.17840404340814
13	543.0819389078697
14	975.0767293918161
15	945.0860214456916
16	862.8665977316932
17	943.6317752942914
18	1390.2912655651417
19	1185.8820365911488
20	1078.6195851499342
21	1929.4279889226073
22	1982.0155221145706
23	2899.1170682528427
24	3009.280030943719
25	2805.9690144222222
26	1919.1390971786823
27	2706.5558768645897
28	3371.0104547173432
29	4043.847293406405
30	2967.9001568956955
31	2786.1066425242607
32	1889.5984915839508
33	1282.288692348273
34	1922.4056052552987
35	1940.882887116859
36	1929.788312681325
37	1571.169509809224
38	1349.315962854802
39	1117.8210883550855
40	966.5489615835031
41	911.9124227328066
42	844.4908085793359
43	779.4563308070501
44	719.3106199693648
45	664.8804776019606
46	615.2913172719345
47	569.4405186571967
48	526.8393056013301
49	487.27915648733324
50	450.6525680170307
51	416.804065905053
52	385.52132483933383
53	356.5926106992265
54	329.8282287907059
55	305.0643286427876
56	282.15456893314695
57	260.9625999014024
58	241.36031453649048
59	223.2280627780492
60	206.45511902828002
61	190.939424266704
62	176.58679631621635
63	163.31014750116447
64	151.02885933811194
65	139.66830546446727
66	129.15944042445335
67	119.43840158759849
68	110.44612242987205
69	102.12796723927022
70	94.43339479177666
71	87.31565086312185
72	80.7314854063734
73	74.64089085122396
74	69.00685937117669
75	63.795157930930145
76	58.97412016405724
77	54.51445392605092
78	50.389063343624
79	46.572884213368525
80	43.04273171494424
81	39.77715951432765
82	36.756329429656034
83	33.96189085689548
84	31.376869237225037
85	28.985562886999105
86	26.773447554383893
87	24.727088140076376
88	22.83405702537857
89	21.082858523717732
90	19.462859001447214
91	17.96422223497939
92	16.577849610956036
93	15.295324814709602
94	14.108862664157641
95	13.011261779436609
96	11.995860801194794
97	11.05649789479503
98	10.187473288475303
99	9.383514618879417
100	8.63974488202075
101	7.951652778181597
102	7.315065289833001
103	6.726122311709332
104	6.181253182570799
105	5.677154977529426
106	5.210772429723875
107	4.779279358306667
108	4.380061485324404
109	4.010700549042667
110	3.668959597926005
111	3.3527693943178747
112	3.0602158424881054
113	2.789528345441795
114	2.539069051577826
115	2.3073228922730777
116	2.092888380473596
117	1.8944690902135335
118	1.7108657752396539
119	1.5409690872620558
END

##############
# h_k_15.4 # 
##############

#Time 	total case
-1	2.842642570985432e-10
1	227.02443719533656
2	268.3592663337472
3	213.1245421759844
4	196.38918835796142
5	195.7703187094163
6	265.5983814139672
7	491.5440720591032
8	310.4176436019393
9	391.12605268977995
10	471.4116414798027
11	589.129829079438
12	267.0522740110864
13	539.7700788296943
14	968.1863393647563
15	937.4638827755307
16	854.4151410001232
17	932.0737538280655
18	1370.0570287886248
19	1165.107308707169
20	1056.7534454644538
21	1886.254379537777
22	1934.693142548338
23	2824.318597870708
24	2926.2480566266204
25	2722.5819604188982
26	1857.629658726495
27	2624.176604274544
28	3268.4750812366365
29	3920.595414577372
30	2877.271174554029
31	2701.0289901431097
32	1831.937652328641
33	1243.1825293175789
34	1863.7933979732697
35	1881.711523555634
36	1870.9591649791982
37	1523.2800547263978
38	1308.1981469707098
39	1083.7662355927605
40	937.1094292747584
41	884.142750208448
42	818.7792623058704
43	755.7295379858842
44	697.4192420377731
45	644.6500356950564
46	596.5739035778461
47	552.1217651090701
48	510.8197710598906
49	472.46582063780806
50	436.9557535672211
51	404.1388783097864
52	373.8093660187951
53	345.7619567360598
54	319.8127591927405
55	295.80294010414946
56	273.5906406655631
57	253.0436862595452
58	234.03789101679286
59	216.45726611065766
60	200.19447362543724
61	185.15057678501762
62	171.23427431442542
63	158.36114196504786
64	146.45302633436222
65	135.43758246172365
66	125.24787526283035
67	115.82199367857538
68	107.10267583343375
69	99.03695494557905
70	91.57583331313072
71	84.67398427330772
72	78.2894780541319
73	72.38352810696233
74	66.92025581700727
75	61.86647246000939
76	57.19147745499504
77	52.866871822378016
78	48.8663856942876
79	45.16571875222144
80	41.74239261454204
81	38.57561425906897
82	35.646149677428184
83	32.93620699676103
84	30.429328367084963
85	28.110289946751436
86	25.96500938774261
87	23.980460249251337
88	22.14459283418546
89	20.44626094927662
90	18.875154163877596
91	17.421735145835555
92	16.0771816855995
93	14.833333085174672
94	13.682640544851893
95	12.618121286592213
96	11.633316110703163
97	10.722250130216707
98	9.879396460062708
99	9.099642617584323
100	8.378259450415499
101	7.7108723898854805
102	7.093434864538722
103	6.522203701140825
104	5.993716372613562
105	5.504769957100507
106	5.052401668479433
107	4.633870845951606
108	4.246642304700799
109	3.8883709181827726
110	3.5568873766751494
111	3.2501849931286415
112	2.966407515312312
113	2.7038378436409403
114	2.4608875945123145
115	2.2360874540754594
116	2.0280782406625804
117	1.8356026563124033
118	1.6574976406263886
119	1.4926873071672162
END

##############
# h_k_17.5 # 
##############

#Time 	total case
-1	2.842642570985432e-10
1	235.34588317632458
2	272.55657550715523
3	215.78216941116455
4	198.09312466756137
5	196.99398187079703
6	269.36623908942056
7	495.1415740788332
8	311.74147087190636
9	391.01043743398213
10	470.31636524762416
11	587.9220890261959
12	265.20330604903165
13	534.5140439853262
14	957.3542021633184
15	925.5737898771831
16	841.3443474319156
17	914.4900765089187
18	1339.5333648502292
19	1133.9871155159453
20	1024.2149118292728
21	1822.316180579959
22	1864.849600900894
23	2714.33663438491
24	2804.566669647018
25	2600.824820878235
26	1768.138391719116
27	2504.02944714337
28	3118.9251992673235
29	3740.8458422304575
30	2745.1101386892333
31	2576.963465135872
32	1747.8502899392624
33	1186.1520085326629
34	1778.3150051435805
35	1795.417207182938
36	1785.1634927879932
37	1453.4380405041738
38	1248.2310969783211
39	1034.099220533586
40	894.1729982150646
41	843.6412386349475
42	781.2790372789605
43	721.1236474134057
44	665.4899207161725
45	615.1428471358595
46	569.2731693780952
47	526.8607274065289
48	487.4534394276852
49	450.85856348094967
50	416.97680908889015
51	385.66445605418266
52	356.72514779830817
53	329.96306450453267
54	305.202776750848
55	282.2927663014416
56	261.0977097124269
57	241.49151969152445
58	223.35572748575942
59	206.57968252684077
60	191.060986340417
61	176.7052545895349
62	163.42538657483965
63	151.1408415633632
64	139.7770605100959
65	129.2650250161896
66	119.54087721613905
67	110.54555175561109
68	102.22441825322312
69	94.52694354233972
70	87.40638071391004
71	80.81948481369909
72	74.72625136214629
73	69.08967439000844
74	63.87552200393111
75	59.05212840648892
76	54.59020145191607
77	50.46264471296308
78	46.644392941947444
79	43.11225987036596
80	39.8447973979637
81	36.82216531410086
82	34.0260107728609
83	31.439356805713032
84	29.046499183001288
85	26.832911009500094
86	24.785154471224814
87	22.890799189422978
88	21.138346702151466
89	19.51716059028695
90	18.01740186449024
91	16.629969168818207
92	15.346443487651413
93	14.159036986224237
94	13.060545689244464
95	12.044305705443549
96	11.104152736981632
97	10.234384623232472
98	9.429726687259972
99	8.685299687145744
100	7.996590172857395
101	7.35942304879427
102	6.769936217693612
103	6.224557102686958
104	5.719980947345903
105	5.25315073083766
106	4.821238595213799
107	4.421628662006697
108	4.051901140883274
109	3.7098176260406035
110	3.393307497157366
111	3.1004553384918836
112	2.829489305637253
113	2.57877035545971
114	2.346782294604054
115	2.132122568647901
116	1.9334937368475948
117	1.7496955981987412
118	1.579617895615229
119	1.4222335787926568
END

##############
# h_gamma_7.5e-06 # 
##############

#Time 	total case
-1	2.842642570985432e-10
1	221.476806541565
2	265.5610734524228
3	211.35283114116805
4	195.25331660442544
5	194.9546846702276
6	263.0070642770818
7	488.977932812277
8	309.429831280642
9	391.1004566117017
10	472.0396051724251
11	589.7475256870412
12	268.1794376077719
13	543.0831975160049
14	975.0782174713622
15	945.087788363252
16	862.8687107871165
17	943.6342813070114
18	1390.2942045386435
19	1185.8854711599834
20	1078.6235953268697
21	1929.4326160992841
22	1982.0208322071703
23	2899.12318887969
24	3009.287097226883
25	2805.9772200094594
26	1919.1486053927038
27	2706.566786970554
28	3371.022829449241
29	4043.8613000658697
30	2967.9160132085526
31	2786.1245367445663
32	1889.6185229037874
33	1282.3109398216548
34	1922.4300673232428
35	1940.909577878323
36	1929.8173067933676
37	1571.200869833825
38	1349.349731760114
39	1117.8572808972967
40	966.5875780162969
41	911.9534489130237
42	844.534227385062
43	779.5021245180978
44	719.3587671529822
45	664.9309536122964
46	615.344094812448
47	569.495568211838
48	526.8965956807078
49	487.33865386541584
50	450.7142379627621
51	416.8678724134297
52	385.5872308565813
53	356.6605783128689
54	329.8982194039854
55	305.136303126812
56	282.22848776400497
57	261.03842328955216
58	241.43800254442613
59	223.3075754220481
60	206.53641636909742
61	191.0224664980633
62	176.67154383308662
63	163.3965609728766
64	151.1168997624336
65	139.7579342227982
66	129.25061932834797
67	119.53109291494184
68	110.54028896495583
69	102.22357230228954
70	94.53040226330631
71	87.41402520606061
72	80.83119168925623
73	74.74189476131869
74	69.1091272233898
75	63.89865668430866
76	59.07881742401514
77	54.62031795212533
78	50.496063052647514
79	46.680989180735196
80	43.151912173314486
81	39.88738635490881
82	36.867574198768125
83	34.074125749306404
84	31.490067092934623
85	29.099697184574325
86	26.88849240865966
87	24.843018287894665
88	22.95084782221238
89	21.20048593262618
90	19.58129958534846
91	18.083453148894478
92	16.69784858758794
93	15.416070159059018
94	14.230333240062464
95	13.133437000855338
96	12.118720621117973
97	11.180022794098477
98	10.311644266053918
99	9.50831317952543
100	8.765153025175096
101	8.077652990323259
102	7.441640532299061
103	6.853256006259471
104	6.308929205813911
105	5.805357646662742
106	5.339486493525328
107	4.908489988360088
108	4.509754264901858
109	4.140861459891312
110	3.7995750134723494
111	3.483826069845236
112	3.1917009039461846
113	2.921429281748715
114	2.6713737035461236
115	2.440019445886719
116	2.2259653559012804
117	2.0279153306473745
118	1.8446704446396325
119	1.675121657201089
END

##############
# h_gamma_9e-06 # 
##############

#Time 	total case
-1	2.842642570985432e-10
1	221.476806541565
2	265.56106551199827
3	211.35280686860062
4	195.25326513237178
5	194.95459982876332
6	263.0069403456598
7	488.97776260164915
8	309.429599860644
9	391.1001462626482
10	472.0392078081268
11	589.7470263862724
12	268.178817466709
13	543.0824423480112
14	975.077324619192
15	945.0867282071567
16	862.8674429474177
17	943.6327776920407
18	1390.292441145647
19	1185.8834104082289
20	1078.62118920781
21	1929.4298397774837
22	1982.0176461329338
23	2899.1195164813507
24	3009.2828574312116
25	2805.972296626016
26	1919.1429004289712
27	2706.560240865434
28	3371.015404560778
29	4043.8528960126714
30	2967.9064993555294
31	2786.1138001371
32	1889.6065040252506
33	1282.2975912381225
34	1922.4153899694065
35	1940.8935632928478
36	1929.7999101809037
37	1571.1820536547239
38	1349.3294702339263
39	1117.8355651678794
40	966.56440792988
41	911.9288329539413
42	844.5081758257948
43	779.474647988558
44	719.3298785121224
45	664.9006676456702
46	615.3124278966352
47	569.4625380542129
48	526.8622211756447
49	487.30295494557504
50	450.67723546593334
51	416.8295879421348
52	385.54768664043513
53	356.6197970985013
54	329.8562243489723
55	305.09311770605564
56	282.1841356922887
57	260.9929284375103
58	241.39138887520676
59	223.2598669239087
60	206.48763700445124
61	190.97264015047404
62	176.6206942631252
63	163.34471177938394
64	151.0640743438562
65	139.7041557507473
66	129.19591071546893
67	119.47547679294075
68	110.48378766233509
69	102.16620782583777
70	94.47219628359016
71	87.35499904530297
72	80.77136630481982
73	74.68129074017634
74	69.04776477545965
75	63.83655563372304
76	59.01599720798549
77	54.55679761315696
78	50.43186123971827
79	46.61612414820411
80	43.08640178089263
81	39.821248067644774
82	36.800825088241254
83	34.006782497963286
84	31.422145996330073
85	29.031214153568726
86	26.81946297502145
87	24.773457609742763
88	22.880770684045274
89	21.129906756381388
90	19.510232434840873
91	18.011911727531697
92	16.625846257331432
93	15.343619935782044
94	14.157447805904667
95	13.060128706332762
96	12.045001494014286
97	11.105904546086094
98	10.237138296026387
99	9.43343058458413
100	8.68990460637724
101	8.002049254617305
102	7.365691702681943
103	6.776972029460012
104	6.2323197556397645
105	5.728432131669251
106	5.262254064888111
107	4.830959542072378
108	4.431934451611596
109	4.062760690561845
110	3.7212014627148164
111	3.4051876847370295
112	3.112805408440181
113	2.8422841822903138
114	2.5919862956361612
115	2.360396817486617
116	2.146114394068718
117	1.947842730267439
118	1.7643827065476216
119	1.594625098805409
END

##############
# h_gamma_1e-05 # 
##############

#Time 	total case
-1	2.842642570985432e-10
1	221.476806541565
2	265.56106021838224
3	211.35279068651994
4	195.25323081766908
5	194.95454326852712
6	263.0068577261932
7	488.97764912863727
8	309.4294455806462
9	391.0999393658699
10	472.0389429011875
11	589.7466935231664
12	268.17840404340814
13	543.0819389078697
14	975.0767293918161
15	945.0860214456916
16	862.8665977316932
17	943.6317752942914
18	1390.2912655651417
19	1185.8820365911488
20	1078.6195851499342
21	1929.4279889226073
22	1982.0155221145706
23	2899.1170682528427
24	3009.280030943719
25	2805.9690144222222
26	1919.1390971786823
27	2706.5558768645897
28	3371.0104547173432
29	4043.847293406405
30	2967.9001568956955
31	2786.1066425242607
32	1889.5984915839508
33	1282.288692348273
34	1922.4056052552987
35	1940.882887116859
36	1929.788312681325
37	1571.169509809224
38	1349.315962854802
39	1117.8210883550855
40	966.5489615835031
41	911.9124227328066
42	844.4908085793359
43	779.4563308070501
44	719.3106199693648
45	664.8804776019606
46	615.2913172719345
47	569.4405186571967
48	526.8393056013301
49	487.27915648733324
50	450.6525680170307
51	416.804065905053
52	385.52132483933383
53	356.5926106992265
54	329.8282287907059
55	305.0643286427876
56	282.15456893314695
57	260.9625999014024
58	241.36031453649048
59	223.2280627780492
60	206.45511902828002
61	190.939424266704
62	176.58679631621635
63	163.31014750116447
64	151.02885933811194
65	139.66830546446727
66	129.15944042445335
67	119.43840158759849
68	110.44612242987205
69	102.12796723927022
70	94.43339479177666
71	87.31565086312185
72	80.7314854063734
73	74.64089085122396
74	69.00685937117669
75	63.795157930930145
76	58.97412016405724
77	54.51445392605092
78	50.389063343624
79	46.572884213368525
80	43.04273171494424
81	39.77715951432765
82	36.756329429656034
83	33.96189085689548
84	31.376869237225037
85	28.985562886999105
86	26.773447554383893
87	24.727088140076376
88	22.83405702537857
89	21.082858523717732
90	19.462859001447214
91	17.96422223497939
92	16.577849610956036
93	15.295324814709602
94	14.108862664157641
95	13.011261779436609
96	11.995860801194794
97	11.05649789479503
98	10.187473288475303
99	9.383514618879417
100	8.63974488202075
101	7.951652778181597
102	7.315065289833001
103	6.726122311709332
104	6.181253182570799
105	5.677154977529426
106	5.210772429723875
107	4.779279358306667
108	4.380061485324404
109	4.010700549042667
110	3.668959597926005
111	3.3527693943178747
112	3.0602158424881054
113	2.789528345441795
114	2.539069051577826
115	2.3073228922730777
116	2.092888380473596
117	1.8944690902135335
118	1.7108657752396539
119	1.5409690872620558
END

##############
# h_gamma_1.1e-05 # 
##############

#Time 	total case
-1	2.842642570985432e-10
1	221.476806541565
2	265.5610549247662
3	211.3527745055485
4	195.25319650296626
5	194.95448670829091
6	263.00677510561627
7	488.9775356556254
8	309.4292913028687
9	391.09973246909203
10	472.03867799535647
11	589.7463606611723
12	268.1779906223287
13	543.0814354710587
14	975.0761341677762
15	945.0853146886693
16	862.8657525226399
17	943.6307729054315
18	1390.2900899957485
19	1185.880662788515
20	1078.6179811087368
21	1929.4261380888474
22	1982.0133981217732
23	2899.114620053231
24	3009.2772044906633
25	2805.96573225841
26	1919.1352939772732
27	2706.551512920403
28	3371.005504938308
29	4043.841690874575
30	2967.893814524694
31	2786.0994850113784
32	1889.5904792592555
33	1282.2797935917333
34	1922.3958206944299
35	1940.87221111299
36	1929.7767153771856
37	1571.156966181392
38	1349.3024557210738
39	1117.8066118165516
40	966.5335155391949
41	911.8960128459075
42	844.4734417015134
43	779.438014029729
44	719.291361868527
45	664.8602880401522
46	615.270207169131
47	569.4184998242199
48	526.8163906377158
49	487.2553586852955
50	450.62790127321205
51	416.77854462407413
52	385.49496384540544
53	356.5654251604501
54	329.8002341484389
55	305.03554055211134
56	282.12500320658
57	260.9322724555677
58	241.32924135024223
59	223.1962598479222
60	206.42260233221168
61	190.90620972967008
62	176.55289978155633
63	163.27558470514487
64	150.99364588223398
65	139.63245679912507
66	129.122971828765
67	119.40132815088145
68	110.40845904037997
69	102.08972857228946
70	94.39459529613669
71	87.27630475482147
72	80.69160666065
73	74.60049319603422
74	68.96595628060459
75	63.753762623964576
76	58.93224560035742
77	54.47211280355987
78	50.34626809648762
79	46.52964701411838
80	42.999064470030135
81	39.73307387085515
82	36.711836769783986
83	33.917002304442576
84	31.331595657742582
85	28.939914887814666
86	26.727435494351084
87	24.68072212426341
88	22.78734691273712
89	21.035813929207507
90	19.415489302802598
91	17.9165365704539
92	16.529856888053473
93	15.247033713720157
94	14.06028164018062
95	12.962399067997467
96	11.946724421577528
97	11.007095656605088
98	10.13781279171235
99	9.333603263876284
100	8.589589867217
101	7.901261112288921
102	7.264443789666984
103	6.675277607719181
104	6.1301917253586
105	5.625883041400812
106	5.159296114681638
107	4.727604596875608
108	4.3281940467859386
109	3.958646039653104
110	3.616723468498094
111	3.3003569436550606
112	3.0076322206441546
113	2.7367785581591306
114	2.486157962557627
115	2.25425522866135
116	2.03966873511672
117	1.8411019238264998
118	1.6573554253409384
119	1.48731976475392
END

##############
# h_gamma_1.25e-05 # 
##############

#Time 	total case
-1	2.842642570985432e-10
1	221.476806541565
2	265.5610469843416
3	211.352750232981
4	195.25314503202185
5	194.95440186793803
6	263.00665117641483
7	488.9773654483281
8	309.4290598862026
9	391.0994221255901
10	472.0382806388325
11	589.7458613715107
12	268.17737049681637
13	543.0806803241744
14	975.0752413422742
15	945.0842545670257
16	862.8644847251708
17	943.6292693404857
18	1390.2883266650088
19	1185.878602111252
20	1078.6155750808484
21	1929.423361877134
22	1982.010212177609
23	2899.110947809382
24	3009.2729648760833
25	2805.960809088214
26	1919.1295892623493
27	2706.544967107435
28	3370.9980803908475
29	4043.8332872189567
30	2967.8843011303397
31	2786.0887489336164
32	1889.5784609904367
33	1282.2664457057108
34	1922.3811441357757
35	1940.8561974303811
36	1929.7593197851893
37	1571.13815114936
38	1349.2821954785104
39	1117.784897517362
40	966.5103470417962
41	911.87139864239
42	844.4473920754681
43	779.4105396199302
44	719.2624755439465
45	664.8300045974102
46	615.2385429936621
47	569.3854726357094
48	526.7820193370571
49	487.21966321415675
50	450.5909024804132
51	416.74026411883824
52	385.45542386839224
53	356.52464846609655
54	329.7582439032194
55	304.9923602408453
56	282.08065654969687
57	260.88678333253483
58	241.28263373196387
59	223.14855773158342
60	206.37382968682505
61	190.8563904466282
62	176.5020576280367
63	163.22374328666774
64	150.94082860616618
65	139.57868684259302
66	129.0682721110934
67	119.34572130926244
68	110.35196741008258
69	102.0323741678003
70	94.33639979362488
71	87.21728947979864
72	80.63179257826414
73	74.53990089880244
74	68.90460598401842
75	63.69167415770062
76	58.869438404915854
77	54.408605927063036
78	50.28208019344311
79	46.46479634330899
80	42.93356889451388
81	39.66695086013351
82	36.64510340207198
83	33.84967526550463
84	31.263691245403606
85	28.871449019556167
86	26.6584237042116
87	24.61117957366514
88	22.717288391679176
89	20.965253863032558
90	19.34444175531098
91	17.845015253915335
92	16.457875164414872
93	15.174604602245381
94	13.987417825177545
95	12.88911290334363
96	11.873027939494932
97	10.93300056985754
98	10.063330504723126
99	9.258744873834075
100	8.514366178409546
101	7.82568263282883
102	7.188520747004077
103	6.599019950765069
104	6.053609130161931
105	5.5489849176228745
106	5.082091615753598
107	4.650102622050326
108	4.250403248966904
109	3.8805748309532646
110	3.5383800256968243
111	3.221749216070748
112	2.928767933321069
113	2.6576652197836665
114	2.406802869736566
115	2.174665471597109
116	1.959851203020662
117	1.761063311700127
118	1.5771022360859206
119	1.4068583181651775
END

##############
# h_data # 
##############

#Time 	total case
0	240
1	18
2	145
3	128
4	84
5	369
6	270
7	266
8	300
9	431
10	361
11	808
12	769
13	1280
14	322
15	1489
16	1445
17	1095
18	1865
19	1587
20	1377
21	1571
22	1493
23	2171
24	2380
25	3251
26	1691
27	1555
28	1942
29	1643
30	2543
31	3409
32	1117
33	1592
34	1154
35	1047
36	1565
37	1292
38	1455
39	1598
40	1337
END

##############
# h_nominal # 
##############

#Time 	total case
-1	2.842642570985432e-10
0	110.73840327022744
1	217.30216786231676
2	183.86527409575496
3	176.2484936271818
4	180.39841133028744
5	237.99504547198967
6	429.553976911423
7	270.942370004768
8	345.44956795725466
9	422.4965100254376
10	529.4487724616124
11	239.27309631076741
12	482.27011110075455
13	864.6353034803356
14	840.2435389260145
15	769.2142711770839
16	841.4961575586885
17	1238.5411608827962
18	1055.140323782609
19	959.352808138683
20	1716.9632369509563
21	1764.8347901918023
22	2582.085875298102
23	2679.897116782533
24	2498.2877953854986
25	1708.5990045909275
26	2409.909020416442
27	3001.9554200369384
28	3601.4262357891675
29	2643.2772659775
30	2481.423741829094
31	1683.026370914682
32	1142.1689821473774
33	1712.4246485404874
34	1728.9665686684166
35	1719.1603862277843
36	1399.7505791456642
37	1202.1666349969091
38	995.9744228148847
39	861.2390782992807
40	812.5971659158531
41	752.5553111841728
42	694.6348653865061
43	641.0666501913292
44	592.5881835735927
45	548.4200089943042
46	507.57940705771034
47	469.63110427305946
48	434.3897598886324
49	401.7600702831114
50	371.60385434899945
51	343.73214688618464
52	317.9564696123416
53	294.1079784663598
54	272.0408607122299
55	251.6248944970357
56	232.73873930820992
57	215.26837814705505
58	199.10731258931628
59	184.15698358717782
60	170.32654375355196
61	157.53215419039043
62	145.69628780968924
63	134.74717284715734
64	124.61836871367268
65	115.24840052517538
66	106.58040518215421
67	98.56178744509816
68	91.14389501538244
69	84.2817193792871
70	77.93362232446088
71	72.06108438991214
72	66.62847208384483
73	61.602821972635866
74	56.95364057466941
75	52.652719203106244
76	48.67396276933141
77	44.993231456341164
78	41.58819427790149
79	38.43819357151369
80	35.52411964297062
81	32.828294775150425
82	30.334365940514544
83	28.027205541227886
84	25.89281959535583
85	23.918262789615255
86	22.091559903630696
87	20.40163311467768
88	18.83823475165991
89	17.391885085147806
90	16.05381478320487
91	14.815911668985791
92	13.670671478925215
93	12.611152304678399
94	11.630932444786595
95	10.724071426484443
96	9.885073934987304
97	9.108856456688954
98	8.390716412897746
99	7.726303616291261
100	7.111593856738182
101	6.542864474504313
102	6.016671758756274
103	5.529830042170943
104	5.079392364161322
105	4.662632578234479
106	4.277028805336158
107	3.9202481226820964
108	3.5901324069855036
109	3.284685230537434
110	3.0020597449038178
111	2.740547469817102
112	2.498567925300449
113	2.2746590394963278
114	2.067468270412064
115	1.875744402539567
116	1.6983299546773196
117	1.5341541476518614
118	1.3822264158079633
END

##############
# h_delta_0.15 # 
##############

#Time 	total case
-1	2.842642570985432e-10
1	226.0879315416507
2	270.03654684289836
3	216.73382573717237
4	198.07633904959675
5	196.62884095233414
6	264.24133682397405
7	492.39567369544466
8	314.37897367481537
9	390.44725106334636
10	470.9804652982416
11	588.4197853099058
12	267.76961428781124
13	533.2375940661354
14	962.7315618896337
15	940.1643443946077
16	853.3637329922776
17	927.1548596397133
18	1364.1015576516156
19	1168.644462961287
20	1055.2142261780755
21	1877.4419004393294
22	1940.9110485210658
23	2830.9650482989273
24	2953.49456360735
25	2746.2140502123802
26	1867.1047436393274
27	2601.7343949385977
28	3251.608206371453
29	3909.7681963245814
30	2874.2998850776057
31	2660.7630163565045
32	1796.0527930879398
33	1204.4951348637987
34	1789.720798762166
35	1819.2375360315855
36	1806.5489220186864
37	1466.4304146141876
38	1248.0744675110473
39	1026.9847619615466
40	881.8632264717016
41	827.5043966125959
42	763.7501370568352
43	702.2351536350398
44	645.4972497221388
45	594.369534984522
46	548.0175343392912
47	505.33484339703136
48	465.81534048683534
49	429.2416257222576
50	395.500505630298
51	364.4354907590605
52	335.833911246802
53	309.48348134127446
54	285.19443624890846
55	262.80338332454994
56	242.16509853993193
57	223.14484977171378
58	205.61648904853064
59	189.46259918476426
60	174.57490883993887
61	160.8539996020627
62	148.20847671282536
63	136.55414624823607
64	125.81335555711121
65	115.91448742073408
66	106.7915250923761
67	98.38363389270671
68	90.63475683524302
69	83.4932342312386
70	76.91145469949697
71	70.84553721118573
72	65.2550397335799
73	60.10269062092266
74	55.35414041401964
75	50.977732681851194
76	46.94429278325697
77	43.22693327586603
78	39.80087465345423
79	36.643280139993294
80	33.73310341999604
81	31.050948277006682
82	28.578939231287222
83	26.30060231187963
84	24.20075518723752
85	22.265405892954732
86	20.481659512384795
87	18.837632161295915
88	17.32237171739689
89	15.925784768667654
90	14.63856928057794
91	13.45215254562936
92	12.358634001706378
93	11.35073252915754
94	10.421737874901737
95	9.565465896776004
96	8.776217309030471
97	8.048739662699518
98	7.378192309268343
99	6.760114110351424
100	6.190393681266869
101	5.665241962757136
102	5.181166951566411
103	4.734950404570554
104	4.323626371915452
105	3.9444614160820493
106	3.594936381363368
107	3.2727295884033083
108	2.975701354422199
109	2.701879717198608
110	2.449447290156968
111	2.216729138584924
112	2.0021816092630615
113	1.8043820414022775
114	1.6220192741966457
115	1.4538849092277815
116	1.2988652520798496
117	1.15593388567504
118	1.0241448281012708
119	0.9026262265761034
END

##############
# h_delta_0.18 # 
##############

#Time 	total case
-1	2.842642570985432e-10
1	223.32125654159964
2	267.35839255791905
3	213.52098748389693
4	196.39694917103066
5	195.63487691553337
6	263.51048364130907
7	490.3680023437514
8	311.4492829626572
9	390.86309015951474
10	471.64480313921604
11	589.2548888174501
12	268.03629767444454
13	539.1237152422627
14	970.1431406100864
15	943.1912577229414
16	859.1134058157868
17	937.045025198353
18	1379.8004675716338
19	1179.0277360194596
20	1069.227370595021
21	1908.486026519453
22	1965.5665352205488
23	2871.7939723133186
24	2987.1397904179285
25	2782.2346939461568
26	1898.3313813165478
27	2664.1888954180467
28	3322.873791831229
29	3989.998851060369
30	2930.5912833969414
31	2735.624567674
32	1851.8652536402587
33	1250.6630324828147
34	1868.2009703533404
35	1891.3755422118484
36	1879.6739641032182
37	1528.6027568419886
38	1308.023611200464
39	1080.6664714235958
40	931.7996499439323
41	877.1980646294614
42	811.2494643393875
43	747.6279322593182
44	688.8512744379332
45	635.7501181931439
46	587.4667929602074
47	542.8965644533091
48	501.5431346942278
49	463.19406384924514
50	427.73936205044447
51	395.0230368854973
52	364.8324862356312
53	336.955596450156
54	311.2024860528545
55	287.4093416687465
56	265.43014144169865
57	245.12906912737526
58	226.37869824041263
59	209.06017774152133
60	193.06367823734035
61	178.2881202042554
62	164.64036813093117
63	152.03443142498872
64	140.39082477786724
65	129.63607901412615
66	119.70231988027808
67	110.52686137646378
68	102.05181153638841
69	94.22370066416624
70	86.99313952577359
71	80.31450728446362
72	74.14566489911522
73	68.44769031688338
74	63.18463322153548
75	58.3232881079457
76	53.83298462339735
77	49.68539400017471
78	45.85435034260445
79	42.31568555213744
80	39.04707683796005
81	36.02790584851755
82	33.23912854254013
83	30.663154998910613
84	28.28373839208507
85	26.0858724515856
86	24.05569674684375
87	22.18040919775376
88	20.44818526133895
89	18.84810329778702
90	17.3700756210892
91	16.004784822187503
92	14.743624952825485
93	13.578647194983205
94	12.502509682948585
95	11.508431158261374
96	10.59014815617411
97	9.74187546770554
98	8.958269617025508
99	8.234395130857592
100	7.565693382304744
101	6.947953809576575
102	6.377287340059411
103	5.8501018379756715
104	5.363079428760102
105	4.9131555567873875
106	4.497499641525792
107	4.113497205908061
108	3.7587333780829795
109	3.430977648633416
110	3.1281697880331194
111	2.8484068480465794
112	2.58993115046178
113	2.351119191967882
114	2.1304713998833904
115	1.9266026681143558
116	1.738233617914375
117	1.5641825210332172
118	1.4033578491507797
119	1.2547513805038761
END

##############
# h_delta_0.2 # 
##############

#Time 	total case
-1	2.842642570985432e-10
1	221.476806541565
2	265.56106021838224
3	211.35279068651994
4	195.25323081766908
5	194.95454326852712
6	263.0068577261932
7	488.97764912863727
8	309.4294455806462
9	391.0999393658699
10	472.0389429011875
11	589.7466935231664
12	268.17840404340814
13	543.0819389078697
14	975.0767293918161
15	945.0860214456916
16	862.8665977316932
17	943.6317752942914
18	1390.2912655651417
19	1185.8820365911488
20	1078.6195851499342
21	1929.4279889226073
22	1982.0155221145706
23	2899.1170682528427
24	3009.280030943719
25	2805.9690144222222
26	1919.1390971786823
27	2706.5558768645897
28	3371.0104547173432
29	4043.847293406405
30	2967.9001568956955
31	2786.1066425242607
32	1889.5984915839508
33	1282.288692348273
34	1922.4056052552987
35	1940.882887116859
36	1929.788312681325
37	1571.169509809224
38	1349.315962854802
39	1117.8210883550855
40	966.5489615835031
41	911.9124227328066
42	844.4908085793359
43	779.4563308070501
44	719.3106199693648
45	664.8804776019606
46	615.2913172719345
47	569.4405186571967
48	526.8393056013301
49	487.27915648733324
50	450.6525680170307
51	416.804065905053
52	385.52132483933383
53	356.5926106992265
54	329.8282287907059
55	305.0643286427876
56	282.15456893314695
57	260.9625999014024
58	241.36031453649048
59	223.2280627780492
60	206.45511902828002
61	190.939424266704
62	176.58679631621635
63	163.31014750116447
64	151.02885933811194
65	139.66830546446727
66	129.15944042445335
67	119.43840158759849
68	110.44612242987205
69	102.12796723927022
70	94.43339479177666
71	87.31565086312185
72	80.7314854063734
73	74.64089085122396
74	69.00685937117669
75	63.795157930930145
76	58.97412016405724
77	54.51445392605092
78	50.389063343624
79	46.572884213368525
80	43.04273171494424
81	39.77715951432765
82	36.756329429656034
83	33.96189085689548
84	31.376869237225037
85	28.985562886999105
86	26.773447554383893
87	24.727088140076376
88	22.83405702537857
89	21.082858523717732
90	19.462859001447214
91	17.96422223497939
92	16.577849610956036
93	15.295324814709602
94	14.108862664157641
95	13.011261779436609
96	11.995860801194794
97	11.05649789479503
98	10.187473288475303
99	9.383514618879417
100	8.63974488202075
101	7.951652778181597
102	7.315065289833001
103	6.726122311709332
104	6.181253182570799
105	5.677154977529426
106	5.210772429723875
107	4.779279358306667
108	4.380061485324404
109	4.010700549042667
110	3.668959597926005
111	3.3527693943178747
112	3.0602158424881054
113	2.789528345441795
114	2.539069051577826
115	2.3073228922730777
116	2.092888380473596
117	1.8944690902135335
118	1.7108657752396539
119	1.5409690872620558
END

##############
# h_delta_0.22 # 
##############

#Time 	total case
-1	2.842642570985432e-10
1	219.63235654153132
2	263.75421095926424
3	209.16344516977506
4	194.09000370306853
5	194.2598286422143
6	262.48985292766724
7	487.55587773182606
8	307.3553097249437
9	391.30369929303924
10	472.39296964517735
11	590.184870768931
12	268.2909701581466
13	547.0675348959039
14	980.0031813112255
15	946.8785197061752
16	866.5524364545363
17	950.2108346975319
18	1400.7992123137783
19	1192.6773128490095
20	1088.050162979278
21	1950.5673478769822
22	1998.4679609521372
23	2926.5149935416666
24	3031.1654304077383
25	2829.453234111814
26	1939.923970138876
27	2749.5119859426377
28	3419.643034605455
29	4097.95916802725
30	3004.9843440033655
31	2837.021336961996
32	1927.7317359290246
33	1314.6013076183008
34	1978.1649027948515
35	1991.5419865988442
36	1981.0047912890805
37	1614.6310803022134
38	1391.6842322048396
39	1156.094765726877
40	1002.5040959046382
41	947.9455165827749
42	879.0452110614351
43	812.5933545127918
44	751.0730325082841
45	695.305359770864
46	644.3975873056188
47	597.2500534472783
48	553.3823050127176
49	512.5902449194909
50	474.7691450873026
51	439.76420075965143
52	407.36355483485386
53	377.35607261615223
54	349.552467261703
55	323.7890557366263
56	299.9193567747425
57	277.80664801487
58	257.32228888440295
59	238.34596530158888
60	220.76617888863257
61	204.48000273940852
62	189.39230814743496
63	175.4149997322529
64	162.46640524530085
65	150.4708113342058
66	139.35806295966904
67	129.06317448773189
68	119.52595106742228
69	110.69063035561703
70	102.5055522282637
71	94.92285638336034
72	87.89820380296442
73	81.3905186123884
74	75.36174829392985
75	69.77664114163781
76	64.60254004024318
77	59.80919150124828
78	55.36856882057327
79	51.25470825415687
80	47.44355722452747
81	43.912833673573914
82	40.64189575710043
83	37.611621129646664
84	34.80429510316753
85	32.20350704467273
86	29.7940543906152
87	27.56185372636537
88	25.493858401168836
89	23.577982218324905
90	21.80302872811444
91	20.15862573242339
92	18.635164606836042
93	17.22374408968608
94	15.916118205015664
95	14.704648024227936
96	13.582256977024372
97	12.542389444468427
98	11.578972412651638
99	10.686379937789752
100	9.859400234854547
101	9.093205183162354
102	8.383322086301632
103	7.725607494663564
104	7.116222975848359
105	6.551612649884191
106	6.0284823902038625
107	5.543780554973637
108	5.094680128531763
109	4.678562187604257
110	4.293000581776141
111	3.9357477372686844
112	3.604721511641401
113	3.2979930146975676
114	3.0137753243470797
115	2.750413036905229
116	2.5063725836662343
117	2.2802332567371195
118	2.070678907810361
119	1.8764902457769495
END

##############
# h_delta_0.25 # 
##############

#Time 	total case
-1	2.842642570985432e-10
1	216.8656815414793
2	261.0260928442682
3	205.83957613432125
4	192.3081907472358
5	193.19036012656954
6	261.68875353645285
7	485.36324263787174
8	304.1405197162387
9	391.545789218374
10	472.84666833493065
11	590.7383535438767
12	268.4025161732775
13	553.0973481279811
14	987.3772129479885
15	949.3683325456896
16	871.9482895629171
17	960.0604395697892
18	1416.5879043227033
19	1202.7503407097138
20	1102.2645156667131
21	1982.6476715632125
22	2023.1409869019299
23	2967.735878093161
24	3063.4706726470504
25	2864.1582184053004
26	1971.0289216719066
27	2815.058896668601
28	3493.5105771472663
29	4179.56884390692
30	3060.089458516639
31	2914.148551786391
32	1985.639356780077
33	1364.3746990773725
34	2064.809455882627
35	2069.7254504174853
36	2059.912911417043
37	1681.4963826209496
38	1457.2787854682756
39	1215.6501503091786
40	1058.772100672577
41	1004.5654196225296
42	933.4414710264027
43	864.8603017797141
44	801.2725567416492
45	743.4870864496261
46	690.5813942313907
47	641.461928570825
48	595.6622637869004
49	552.9859193908997
50	513.3328843270283
51	476.5496438057671
52	442.42541215273377
53	410.7503801815328
54	381.3363041515404
55	354.020153456353
56	328.65559098590165
57	305.10565474377654
58	283.24119702556345
59	262.9411786144192
60	244.09319117749692
61	226.59323287184816
62	210.3449603041372
63	195.25895108195255
64	181.25211772954208
65	168.24726405437104
66	156.17270166496746
67	144.9618759033183
68	134.55300039972644
69	124.88871037740319
70	115.91574241581839
71	107.58464067238674
72	99.8494856665784
73	92.66764236302697
74	85.9995256330294
75	79.80838207354827
76	74.06008739520621
77	68.72295836839476
78	63.76757827983238
79	59.16663488895574
80	54.89476993041171
81	50.928439366660314
82	47.2457836237154
83	43.8265071027854
84	40.65176630484348
85	37.70406596059911
86	34.967162582004676
87	32.425974913930986
88	30.066500781467767
89	27.875739898358006
90	25.841622175415978
91	23.95294117811136
92	22.199292324730777
93	20.5710155217821
94	19.05914188879251
95	17.65534430523985
96	16.35189148328209
97	15.141605344120762
98	14.017821419751272
99	12.974352111545159
100	12.005452563404106
101	11.10578897583764
102	10.270409199452843
103	9.494715418710257
104	8.774438796041068
105	8.10561593688908
106	7.484567022911506
107	6.907875525939744
108	6.372369366363273
109	5.875103417231003
110	5.413343267064192
111	4.984550138775376
112	4.586366888979683
113	4.216605014560628
114	3.8732325824530562
115	3.5543630247266265
116	3.2582447356544435
117	2.983251419645967
118	2.727873116484261
119	2.490707882287097
END

##############
# h_mu_0.0225 # 
##############

#Time 	total case
-1	2.842642570985432e-10
1	221.476806541565
2	265.56107338025834
3	211.35283056717077
4	195.25331470475692
5	194.95468034007263
6	263.0070562226979
7	488.97791955868456
8	309.42981103661054
9	391.1004268503598
10	472.0395630550038
11	589.7474680113237
12	268.1793606273791
13	543.0830967730199
14	975.0780885428549
15	945.0876263888267
16	862.8685095152632
17	943.6340333406242
18	1390.2939017476338
19	1185.8851045867177
20	1078.623154360046
21	1929.4320890901436
22	1982.0202069080897
23	2899.12245090101
24	3009.2862298335385
25	2805.9762028552614
26	1919.1474144142558
27	2706.5653958040784
28	3371.0212109490312
29	4043.8594250993665
30	2967.913848499338
31	2786.1220452701455
32	1889.615665147132
33	1282.3076752132547
34	1922.426356065058
35	1940.9053803803763
36	1929.812583447514
37	1571.195580092739
38	1349.3438350980941
39	1117.8507369335493
40	966.5803472123007
41	911.9454928685736
42	844.5255087625337
43	779.4926072323797
44	719.3484163737303
45	664.919735801559
46	615.3319777561919
47	569.4825210362687
48	526.8825888797728
49	487.3236593097754
50	450.69822890888463
51	416.8508235018526
52	385.56911810400925
53	356.6413791052619
54	329.8779124821449
55	305.1148685699445
56	282.2059069695533
57	261.01467895331734
58	241.4130786338501
59	223.2814571507115
60	206.50909017001686
61	190.9939199937944
62	176.64176580573258
63	163.36554133312893
64	151.08462951505498
65	139.72440544013807
66	129.2158251114015
67	119.49502736472641
68	110.50294714665506
69	102.1849502146797
70	94.49049680396274
71	87.37283413835394
72	80.78871361230267
73	74.69812907341111
74	69.06407409538224
75	63.8523170240951
76	59.03119284998684
77	54.57141075756226
78	50.445876180310734
79	46.629526191798504
80	43.09917721954116
81	39.83338415103208
82	36.81230999356194
83	34.01760530343745
84	31.432296647850308
85	29.04068344150437
86	26.82824250079284
87	24.781539761504973
88	22.88814860790444
89	21.13657432855689
90	19.516184231775696
91	18.017143007105915
92	16.630352923151804
93	15.347398519719718
94	14.160495437958161
95	13.062443092494505
96	12.046580891823396
97	11.106747740341234
98	10.23724457649223
99	9.432799726055237
100	8.688536842062604
101	7.999945259492961
102	7.362852571284748
103	6.773399255980621
104	6.228015214961488
105	5.723398060639738
106	5.256493043299997
107	4.824474476088653
108	4.424728557205526
109	4.054837474541273
110	3.712564709407161
111	3.395841441611992
112	3.1027539650531253
113	2.8315320646215696
114	2.580538244001218
115	2.348257778721745
116	2.1332895070372615
117	1.9343373116571456
118	1.750202243871172
119	1.5797752307116752
END

##############
# h_mu_0.027 # 
##############

#Time 	total case
-1	2.842642570985432e-10
1	221.476806541565
2	265.56106547758134
3	211.3528065932599
4	195.25326422306227
5	194.95459775917084
6	263.00693650056314
7	488.9777562824281
8	309.42959021888146
9	391.1001321037934
10	472.0391877900115
11	589.746999000583
12	268.17878094807656
13	543.0823945983861
14	975.0772635677658
15	945.0866515793605
16	862.8673478115934
17	943.6326605779368
18	1390.2922982486298
19	1185.883237540358
20	1078.6209814041358
21	1929.429591598222
22	1982.0173518695701
23	2899.119169421896
24	3009.2824497654874
25	2805.971818843751
26	1919.1423412760523
27	2706.5595880289366
28	3371.0146454024143
29	4043.85201698968
30	2967.905484991752
31	2786.1126332163185
32	1889.6051662063328
33	1282.2960637395445
34	1922.4136544435314
35	1940.8916015653303
36	1929.7977041271952
37	1571.179584766047
38	1349.3267200649207
39	1117.8325154077684
40	966.5610407258937
41	911.9251310535547
42	844.5041225366731
43	779.4702272667346
44	719.3250749533108
45	664.8954665077981
46	615.3068151052212
47	569.4565002094823
48	526.855745559209
49	487.29602952318965
50	450.66984889053856
51	416.8217295427021
52	385.53934642286913
53	356.6109657333509
54	329.84689316265576
55	305.0832786730316
56	282.1737814162261
57	260.9820521456786
58	241.37998439747753
59	223.24792868486838
60	206.4751599990559
61	190.9596199329244
62	176.60712693241658
63	163.3305939550337
64	151.0494031579583
65	139.68892882039654
66	129.18012613375322
67	119.45913310805918
68	110.4668838596117
69	102.1487433124712
70	94.45417087168607
71	87.3364129311667
72	80.75222005753312
73	74.66158528189408
74	69.02750136573741
75	63.81573585518345
76	58.994622947313474
77	54.53487105239765
78	50.40938483517675
79	46.59310061807628
80	43.06283409333264
81	39.797139424976194
82	36.776178913758486
83	33.98160242263111
84	31.396435848786496
85	29.00497794680996
86	26.79270489301416
87	24.746181997543317
88	22.852982037715265
89	21.10160971089499
90	19.481431752836215
91	17.98261229498894
92	16.596053067973116
93	15.313338084466523
94	14.12668247964757
95	13.028885177744087
96	12.013285110151628
97	11.073720722910366
98	10.204492509466945
99	9.400328366231406
100	8.656351532205008
101	7.968050942916307
102	7.331253805037704
103	6.742100226445473
104	6.197019750019535
105	5.692709645212744
106	5.226114829332801
107	4.7944092980760615
108	4.394978942160378
109	4.025405656415387
110	3.683452639132156
111	3.3670507981005358
112	3.0742861708276905
113	2.8033882890158566
114	2.552719419938512
115	2.3207646115333773
116	2.106122483339277
117	1.9074967081396608
118	1.7236881363933207
119	1.5535875096393283
END

##############
# h_mu_0.03 # 
##############

#Time 	total case
-1	2.842642570985432e-10
1	221.476806541565
2	265.56106021838224
3	211.35279068651994
4	195.25323081766908
5	194.95454326852712
6	263.0068577261932
7	488.97764912863727
8	309.4294455806462
9	391.0999393658699
10	472.0389429011875
11	589.7466935231664
12	268.17840404340814
13	543.0819389078697
14	975.0767293918161
15	945.0860214456916
16	862.8665977316932
17	943.6317752942914
18	1390.2912655651417
19	1185.8820365911488
20	1078.6195851499342
21	1929.4279889226073
22	1982.0155221145706
23	2899.1170682528427
24	3009.280030943719
25	2805.9690144222222
26	1919.1390971786823
27	2706.5558768645897
28	3371.0104547173432
29	4043.847293406405
30	2967.9001568956955
31	2786.1066425242607
32	1889.5984915839508
33	1282.288692348273
34	1922.4056052552987
35	1940.882887116859
36	1929.788312681325
37	1571.169509809224
38	1349.315962854802
39	1117.8210883550855
40	966.5489615835031
41	911.9124227328066
42	844.4908085793359
43	779.4563308070501
44	719.3106199693648
45	664.8804776019606
46	615.2913172719345
47	569.4405186571967
48	526.8393056013301
49	487.27915648733324
50	450.6525680170307
51	416.804065905053
52	385.52132483933383
53	356.5926106992265
54	329.8282287907059
55	305.0643286427876
56	282.15456893314695
57	260.9625999014024
58	241.36031453649048
59	223.2280627780492
60	206.45511902828002
61	190.939424266704
62	176.58679631621635
63	163.31014750116447
64	151.02885933811194
65	139.66830546446727
66	129.15944042445335
67	119.43840158759849
68	110.44612242987205
69	102.12796723927022
70	94.43339479177666
71	87.31565086312185
72	80.7314854063734
73	74.64089085122396
74	69.00685937117669
75	63.795157930930145
76	58.97412016405724
77	54.51445392605092
78	50.389063343624
79	46.572884213368525
80	43.04273171494424
81	39.77715951432765
82	36.756329429656034
83	33.96189085689548
84	31.376869237225037
85	28.985562886999105
86	26.773447554383893
87	24.727088140076376
88	22.83405702537857
89	21.082858523717732
90	19.462859001447214
91	17.96422223497939
92	16.577849610956036
93	15.295324814709602
94	14.108862664157641
95	13.011261779436609
96	11.995860801194794
97	11.05649789479503
98	10.187473288475303
99	9.383514618879417
100	8.63974488202075
101	7.951652778181597
102	7.315065289833001
103	6.726122311709332
104	6.181253182570799
105	5.677154977529426
106	5.210772429723875
107	4.779279358306667
108	4.380061485324404
109	4.010700549042667
110	3.668959597926005
111	3.3527693943178747
112	3.0602158424881054
113	2.789528345441795
114	2.539069051577826
115	2.3073228922730777
116	2.092888380473596
117	1.8944690902135335
118	1.7108657752396539
119	1.5409690872620558
END

##############
# h_mu_0.033 # 
##############

#Time 	total case
-1	2.842642570985432e-10
1	221.476806541565
2	265.56105496695466
3	211.35277484084344
4	195.2531976099042
5	194.95448922422224
6	263.0067797712536
7	488.9775433117559
8	309.4293029633782
9	391.09974957188933
10	472.03870214483186
11	589.7463936579843
12	268.1780345687198
13	543.0814928665145
14	975.0762074623835
15	945.0854065705844
16	862.8658664676277
17	943.6309130266873
18	1390.2902607958958
19	1185.8808692112962
20	1078.6182290211527
21	1929.4264339097972
22	1982.0137485618943
23	2899.115033018279
24	3009.277689181268
25	2805.9662999070097
26	1919.1359578803458
27	2706.552287605762
28	3371.0064052500566
29	4043.842732691748
30	2967.895015998656
31	2786.100866338922
32	1889.5920619014796
33	1282.2815994486082
34	1922.3978710439405
35	1940.8745269117353
36	1929.7793174349863
37	1571.1598756892054
38	1349.30569370569
39	1117.8101990573705
40	966.5374721783155
41	911.9003582194855
42	844.4781943937633
43	779.4431917743714
44	719.2969815620891
45	664.8663657260113
46	615.276758035543
47	569.4255381996627
48	526.8239299902343
49	487.2634116225381
50	450.6364795522968
51	416.7876591596869
52	385.50462472205254
53	356.57564164936775
54	329.81101472298906
55	305.0468929054623
56	282.1369342685066
57	260.9447884190304
58	241.34234768680471
59	223.20996133470908
60	206.43690306824283
61	190.92111316601222
62	176.56840874002955
63	163.29170140293718
64	151.0103719561157
65	139.649793328761
66	129.14091935905162
67	119.41988671610306
68	110.42762818773917
69	102.10950738286192
70	94.41498240924557
71	87.29729838583444
72	80.71320462762378
73	74.62269293738063
74	68.9887548762199
75	63.777156815165654
76	58.95623180984694
77	54.496687152204686
78	50.371426425204845
79	46.55538489751052
80	43.025377236132044
81	39.75995661786874
82	36.73928438051371
83	33.94500946289918
84	31.360156863593147
85	28.969024470745353
86	26.757087627542205
87	24.71091083866486
88	22.818066109262872
89	21.067057390027912
90	19.44725070334971
91	17.948809492765577
92	16.562634828747832
93	15.280310095928144
94	14.09404982039996
95	12.996652350455406
96	11.98145606268372
97	11.042298876025598
98	10.173480778001249
99	9.369729183250456
100	8.626166872578324
101	7.938282346382039
102	7.301902396371588
103	6.713166734130937
104	6.168504527391633
105	5.66461269048159
106	5.198435807717033
107	4.767147551756352
108	4.368133514755755
109	3.998975305148633
110	3.6574358548095915
111	3.341445818397915
112	3.0490909947111504
113	2.7786006924288813
114	2.5283369699463947
115	2.296784678765107
116	2.082542254094733
117	1.8843131977628218
118	1.700898202470853
119	1.5311878599459305
END

##############
# h_mu_0.0375 # 
##############

#Time 	total case
-1	2.842642570985432e-10
1	221.476806541565
2	265.5610471042457
3	211.35275118335358
4	195.2531481674207
5	194.95440898493587
6	263.00666435834114
7	488.97738705205643
8	309.42909275794386
9	391.09947029240084
10	472.03834858280607
11	589.7459541211897
12	268.17749391097095
13	543.080841366369
14	975.0754468134355
15	945.0845119146807
16	862.8648036057039
17	943.6296611812877
18	1390.2888039478066
19	1185.879178531617
20	1078.6162669023215
21	1929.424186864935
22	1982.0111888617612
23	2899.1120980430696
24	3009.2743141109313
25	2805.962388440341
26	1919.1314355932373
27	2706.547120632371
28	3371.0005820721235
29	4043.836180815546
30	2967.8876366836703
31	2786.092582126985
32	1889.5828508851482
33	1282.2714524174153
34	1922.3868258282164
35	1940.862611143566
36	1929.7665219866321
37	1571.1461992153927
38	1349.291146169082
39	1117.7948067334582
40	966.5212687267122
41	911.8833843368484
42	844.460491052705
43	779.4247986499613
44	719.2779389261777
45	664.8467141438086
46	615.2565380251835
47	569.4047899868674
48	526.8026933658039
49	487.2417258191708
50	450.6143831288573
51	416.7651898892
52	385.48181949646096
53	356.55253639628063
54	329.7876443439309
55	305.0232912277934
56	282.1131340022548
57	260.92082112624485
58	241.31824376152508
59	223.1857499821199
60	206.41261230378586
61	190.89676980892546
62	176.54403841462045
63	163.26732855202863
64	150.98601984903507
65	139.62548407918075
66	129.1166739406035
67	119.39572498697089
68	110.40356891062402
69	102.08556825398409
70	94.39118008063815
71	87.2736484985362
72	80.68972183740698
73	74.59939094466972
74	68.9656464583386
75	63.75425385631388
76	58.93354533104866
77	54.47422734567954
78	50.34920268123096
79	46.53340583739919
80	43.0036507446348
81	39.73848987085512
82	36.71808387596684
83	33.92408104878268
84	31.33950576877396
85	28.948655332889757
86	26.73700452063349
87	24.691117298658355
88	22.79856515963911
89	21.047851572700893
90	19.42834209650755
91	17.93019973860646
92	16.544325156661216
93	15.262301342678256
94	14.07634245758527
95	12.979246496906853
96	11.964351514310692
97	11.025495114779915
98	10.15697700054443
99	9.35352431453066
100	8.610259582172148
101	7.922671066509793
102	7.286585337162251
103	6.69814190051693
104	6.153769734490197
105	5.650165573577397
106	5.18427383787639
107	4.753268050160841
108	4.3545336627576035
109	3.9856521564506693
110	3.6443863475869875
111	3.328666784334928
112	3.0365791688964237
113	2.766352726626792
114	2.5163494360167533
115	2.285054079751717
116	2.071065034091589
117	1.8730857487389585
118	1.6899168696982088
119	1.5204489498282783
END

##############
# h_d2_0.0225 # 
##############

#Time 	total case
-1	2.842642570985432e-10
1	221.476806541565
2	265.5610577592057
3	211.35278359636249
4	195.2532171032684
5	194.95452082978125
6	263.0068242668924
7	488.9776020455047
8	309.42938165888677
9	391.0998554562507
10	472.0388352640821
11	589.7465578169558
12	268.17823543291706
13	543.0817320388765
14	975.0764773770843
15	945.0857161410313
16	862.8662307663835
17	943.6313375249247
18	1390.29074629156
19	1185.88142292456
20	1078.6188628135678
21	1929.4271414387513
22	1982.0145293864261
23	2899.115909087379
24	3009.2786823798415
25	2805.967454024114
26	1919.1373028380294
27	2706.5538266480835
28	3371.008123115196
29	4043.8446545340666
30	2967.897187086106
31	2786.103325449956
32	1889.5948138521344
33	1282.2846440179273
34	1922.4011784644827
35	1940.8780717903646
36	1929.7831015041156
37	1571.163897700666
38	1349.3099480481687
39	1117.8146703830062
40	966.542141131089
41	911.9052012659959
42	844.48318782368
43	779.4483132053138
44	719.30220863875
45	664.8716762498152
46	615.2821300895739
47	569.430950246111
48	526.8293609313623
49	487.26884084761696
50	450.64188698398357
51	416.7930252942533
52	385.5099306663178
53	356.58086914836895
54	329.8161461820491
55	305.05191140448005
56	282.1418235761157
57	260.9495329970887
58	241.34693269802665
59	223.21437263931875
60	206.44112722609134
61	190.9251374276064
62	176.57222104098764
63	163.295290357084
64	151.01372684241505
65	139.65290407989232
66	129.1437765492883
67	119.42248154353001
68	110.42995246201463
69	102.11155350730405
70	94.41674336665892
71	87.29876771928684
72	80.7143764229113
73	74.62356180635106
74	68.98931593781163
75	63.77740567990986
76	58.95616455767595
77	54.49630031907873
78	50.370716982128215
79	46.554350234917365
80	43.02401514502708
81	39.75826527320896
82	36.73726232677291
83	33.94265559299674
84	31.35747040445858
85	28.966004971123766
86	26.753734936908586
87	24.707225097197806
88	22.81404772688984
89	21.06270703962946
90	19.44256930195843
91	17.9437981883093
92	16.557294989921502
93	15.274643295721035
94	14.088057828164892
95	12.990337116541923
96	11.974819709372241
97	11.03534368336841
98	10.166209179049474
99	9.3621437476977
100	8.618270301056327
101	7.9300774583243765
102	7.293392123276135
103	6.704354109679116
104	6.159392680754536
105	5.655204836264602
106	5.188735237141373
107	4.757157630447182
108	4.357857671624515
109	3.988417026834213
110	3.646598679028102
111	3.3303333295189077
112	3.0377068148809485
113	2.7669484814832686
114	2.5164204133761814
115	2.284607487526955
116	2.0701081580482423
117	1.871625943487743
118	1.6879615453799488
119	1.518005562145845
END

##############
# h_d2_0.027 # 
##############

#Time 	total case
-1	2.842642570985432e-10
1	221.476806541565
2	265.5610592347116
3	211.35278785090082
4	195.25322533168742
5	194.9545342936956
6	263.00684434269533
7	488.97763029538373
8	309.42942001172105
9	391.09990580157864
10	472.03889984634316
11	589.7466392402384
12	268.17833659832286
13	543.0818561607152
14	975.0766285859236
15	945.0858993236043
16	862.8664509457922
17	943.6316001861014
18	1390.2910578559295
19	1185.8817911240658
20	1078.6192962151654
21	1929.4276499288408
22	1982.0151250235376
23	2899.116604586876
24	3009.279491517722
25	2805.9683902629804
26	1919.1383794430913
27	2706.55505677799
28	3371.0095220760377
29	4043.8462378572585
30	2967.898968972513
31	2786.105315694098
32	1889.597020491441
33	1282.2870730165814
34	1922.4038345396402
35	1940.8809609858145
36	1929.7862282113347
37	1571.167264966025
38	1349.3135569321457
39	1117.818521167137
40	966.5462334025506
41	911.9095341456341
42	844.4877602768465
43	779.4531237668052
44	719.3072554377723
45	664.8769570613367
46	615.2876423985363
47	569.4366912927653
48	526.8353277335627
49	487.27503023145255
50	450.64829560359794
51	416.79964966095577
52	385.51676716990187
53	356.58791407932586
54	329.823395747022
55	305.05936174724775
56	282.1494707907841
57	260.9573731392229
58	241.35496180131304
59	223.2225867232264
60	206.449522306968
61	190.93370953084377
62	176.58096620545257
63	163.30420464398048
64	151.02280633960618
65	139.66214491084975
66	129.15317487416905
67	119.43203357020684
68	110.43965444274363
69	102.12140174646629
70	94.42673422195367
71	87.3088976060244
72	80.72464181299438
73	74.63395923371718
74	68.99984199738537
75	63.788057029858464
76	58.96693792150472
77	54.50719248347741
78	50.38172479925561
79	46.56547062221216
80	43.035245086532086
81	39.76960181831964
82	36.74870258917508
83	33.95419675177254
84	31.369109704115544
85	28.97773972043069
86	26.765562507833238
87	24.71914292270958
88	22.826053306431277
89	21.07479793029779
90	19.45474312188162
91	17.956052616529632
92	16.569627762102755
93	15.287052207320812
94	14.100540730214561
95	13.002891914264183
96	11.987444364713156
97	11.048036210224382
98	10.17896764469333
99	9.37496627040673
100	8.631155048962682
101	7.943022650681087
102	7.306396023661364
103	6.717415031569544
104	6.172508982068393
105	5.668374920351198
106	5.201957552897511
107	4.770430666743778
108	4.371179960508016
109	4.001787140383385
110	3.6600152303581126
111	3.3437949684011983
112	3.0512122310028644
113	2.780496400082484
114	2.530009596288437
115	2.2982367299264297
116	2.083776291736285
117	1.8853318313049385
118	1.7017040835198713
119	1.5317836778704077
END

##############
# h_d2_0.03 # 
##############

#Time 	total case
-1	2.842642570985432e-10
1	221.476806541565
2	265.56106021838224
3	211.35279068651994
4	195.25323081766908
5	194.95454326852712
6	263.0068577261932
7	488.97764912863727
8	309.4294455806462
9	391.0999393658699
10	472.0389429011875
11	589.7466935231664
12	268.17840404340814
13	543.0819389078697
14	975.0767293918161
15	945.0860214456916
16	862.8665977316932
17	943.6317752942914
18	1390.2912655651417
19	1185.8820365911488
20	1078.6195851499342
21	1929.4279889226073
22	1982.0155221145706
23	2899.1170682528427
24	3009.280030943719
25	2805.9690144222222
26	1919.1390971786823
27	2706.5558768645897
28	3371.0104547173432
29	4043.847293406405
30	2967.9001568956955
31	2786.1066425242607
32	1889.5984915839508
33	1282.288692348273
34	1922.4056052552987
35	1940.882887116859
36	1929.788312681325
37	1571.169509809224
38	1349.315962854802
39	1117.8210883550855
40	966.5489615835031
41	911.9124227328066
42	844.4908085793359
43	779.4563308070501
44	719.3106199693648
45	664.8804776019606
46	615.2913172719345
47	569.4405186571967
48	526.8393056013301
49	487.27915648733324
50	450.6525680170307
51	416.804065905053
52	385.52132483933383
53	356.5926106992265
54	329.8282287907059
55	305.0643286427876
56	282.15456893314695
57	260.9625999014024
58	241.36031453649048
59	223.2280627780492
60	206.45511902828002
61	190.939424266704
62	176.58679631621635
63	163.31014750116447
64	151.02885933811194
65	139.66830546446727
66	129.15944042445335
67	119.43840158759849
68	110.44612242987205
69	102.12796723927022
70	94.43339479177666
71	87.31565086312185
72	80.7314854063734
73	74.64089085122396
74	69.00685937117669
75	63.795157930930145
76	58.97412016405724
77	54.51445392605092
78	50.389063343624
79	46.572884213368525
80	43.04273171494424
81	39.77715951432765
82	36.756329429656034
83	33.96189085689548
84	31.376869237225037
85	28.985562886999105
86	26.773447554383893
87	24.727088140076376
88	22.83405702537857
89	21.082858523717732
90	19.462859001447214
91	17.96422223497939
92	16.577849610956036
93	15.295324814709602
94	14.108862664157641
95	13.011261779436609
96	11.995860801194794
97	11.05649789479503
98	10.187473288475303
99	9.383514618879417
100	8.63974488202075
101	7.951652778181597
102	7.315065289833001
103	6.726122311709332
104	6.181253182570799
105	5.677154977529426
106	5.210772429723875
107	4.779279358306667
108	4.380061485324404
109	4.010700549042667
110	3.668959597926005
111	3.3527693943178747
112	3.0602158424881054
113	2.789528345441795
114	2.539069051577826
115	2.3073228922730777
116	2.092888380473596
117	1.8944690902135335
118	1.7108657752396539
119	1.5409690872620558
END

##############
# h_d2_0.033 # 
##############

#Time 	total case
-1	2.842642570985432e-10
1	221.476806541565
2	265.5610612020528
3	211.35279352324824
4	195.25323630365074
5	194.95455224446982
6	263.006871108581
7	488.9776679618899
8	309.429471149572
9	391.09997292905155
10	472.0389859560282
11	589.7467478049857
12	268.17847148738247
13	543.0820216561328
14	975.0768301977105
15	945.0861435666666
16	862.8667445175961
17	943.6319504013727
18	1390.2914732743511
19	1185.882282057115
20	1078.6198740835935
21	1929.4283279174815
22	1982.0159192067094
23	2899.117531918806
24	3009.2805703686026
25	2805.969638581464
26	1919.1398149153938
27	2706.556696951189
28	3371.0113873575247
29	4043.848348954474
30	2967.9013448199694
31	2786.107969353303
32	1889.5999626764678
33	1282.2903116799716
34	1922.4073759720632
35	1940.8848132479106
36	1929.7903971524065
37	1571.1717546524378
38	1349.318368777458
39	1117.8236555441326
40	966.5516897644848
41	911.9153113188586
42	844.4938568818179
43	779.4595378484155
44	719.3139845009355
45	664.8839981437122
46	615.2949921453255
47	569.4443460205075
48	526.8432834702253
49	487.2832827421007
50	450.6568404304926
51	416.80848214914295
52	385.5258825076453
53	356.59730731912714
54	329.83306183329114
55	305.0692955383129
56	282.1596670766303
57	260.96782666246145
58	241.36566727166064
59	223.23353883397067
60	206.46071574959205
61	190.9451390036993
62	176.59262642585963
63	163.3160903594544
64	151.0349123354972
65	139.6744660169643
66	129.1657059747522
67	119.4447696050047
68	110.45259041700047
69	102.13453273207415
70	94.4400553627056
71	87.32240412020474
72	80.73832899864647
73	74.64782246983668
74	69.01387674387661
75	63.80225883089588
76	58.981302406595205
77	54.52171536863898
78	50.396401887977845
79	46.58029780564539
80	43.050218342250446
81	39.78471721030655
82	36.76395627128659
83	33.96958496310981
84	31.384628770319978
85	28.993386052461574
86	26.7813326009491
87	24.73503335856367
88	22.84206074431131
89	21.090919117137673
90	19.47097488102736
91	17.972391853429144
92	16.58607145868882
93	15.303597422098392
94	14.117184598086169
95	13.019631643488538
96	12.004277237705537
97	11.06495957938023
98	10.195978932228172
99	9.392062967352103
100	8.648334713972872
101	7.9602829056821065
102	7.323734557110583
103	6.73482959298417
104	6.189997384164599
105	5.685935033587157
106	5.219587306535686
107	4.788128048807266
108	4.388943011232186
109	4.019613958822447
110	3.677903965479345
111	3.3617438213550486
112	3.069219452867401
113	2.7985602919070516
114	2.548128506852663
115	2.316409054605174
116	2.1020004703459563
117	1.903606348016183
118	1.7200274669739883
119	1.5501544977450976
END

##############
# h_d2_0.0375 # 
##############

#Time 	total case
-1	2.842642570985432e-10
1	221.476806541565
2	265.5610626775577
3	211.35279777778658
4	195.25324453317887
5	194.95456570727288
6	263.0068911843839
7	488.97769621176894
8	309.42950950240584
9	391.10002327437815
10	472.0390505382911
11	589.746829228267
12	268.178572652791
13	543.0821457779734
14	975.0769814054402
15	945.0863267492396
16	862.8669646970047
17	943.632213063659
18	1390.2917848387242
19	1185.8826502577322
20	1078.6203074862988
21	1929.4288364075765
22	1982.016514843819
23	2899.118227418303
24	3009.2813795075963
25	2805.9705748203305
26	1919.1408915204483
27	2706.5579270811068
28	3371.0127863194684
29	4043.849932277659
30	2967.903126706369
31	2786.109959598587
32	1889.60216931576
33	1282.2927406775125
34	1922.4100320472135
35	1940.8877024444737
36	1929.7935238585196
37	1571.175121917804
38	1349.3219776625556
39	1117.8275063282417
40	966.555782035939
41	911.9196441996173
42	844.4984293361049
43	779.4643484098924
44	719.3190312999577
45	664.8892789541133
46	615.3005044543097
47	569.4500870671836
48	526.8492502723966
49	487.2894721259363
50	450.66324905010697
51	416.8151065158454
52	385.53271901122207
53	356.6043522489781
54	329.84031139936997
55	305.0767458810733
56	282.16731429019273
57	260.9756668046175
58	241.37369637384109
59	223.24175291675056
60	206.4691108304687
61	190.95371110690758
62	176.60137159147416
63	163.32500464524492
64	151.04399183267378
65	139.68370684795082
66	129.17510430072434
67	119.45432163168152
68	110.46229239770037
69	102.14438097122184
70	94.4500462180149
71	87.33253400586545
72	80.74859438871499
73	74.65821989609685
74	69.0244028034358
75	63.81291018084448
76	58.99207577042398
77	54.532607533052214
78	50.407409705090686
79	46.591418192954734
80	43.06144828375545
81	39.796053754296736
82	36.775396532568266
83	33.98112612190016
84	31.39626806996239
85	29.005120801797602
86	26.79316017187375
87	24.74695118406089
88	22.85406632385275
89	21.10301000670006
90	19.483148700921447
91	17.98464628054353
92	16.598404230870074
93	15.316006332606776
94	14.129667499029892
95	13.032186441210797
96	12.016901893017348
97	11.077652106250753
98	10.20873739788658
99	9.404885490046581
100	8.661219461908331
101	7.973228096932871
102	7.336738456346211
103	6.74789051488915
104	6.203113685463904
105	5.699105118808802
106	5.232809622291825
107	4.80140108508931
108	4.402265300115687
109	4.032984072371619
110	3.691320515717962
111	3.3752054602227872
112	3.0827248689893167
113	2.812108210506267
114	2.561717688658973
115	2.3300382970192004
116	2.1156686028989498
117	1.9173122358333785
118	1.7337700051284628
119	1.5639326123637147
END

##############
# h_tau_4 # 
##############

#Time 	total case
-1	2.842642570985432e-10
1	221.476806541565
2	265.56106021838224
3	211.35279068651994
4	195.25323081766908
5	214.2205685168409
6	301.60379123782945
7	549.6216779119411
8	345.6421689745914
9	447.2450692757084
10	565.3346506347389
11	715.0738434717064
12	328.72101700806525
13	680.463122539466
14	1248.5627664110425
15	1232.1385944623808
16	1163.5362909179266
17	1310.9995982625387
18	1948.886688368546
19	1668.425964440019
20	1545.937753850225
21	2788.384405618286
22	2889.6277908761404
23	4222.610179945579
24	4400.107731861561
25	4094.158241700563
26	2745.0145643532305
27	3802.1100963291756
28	4594.471957620437
29	5342.848741200505
30	3777.254519723094
31	3597.218189255138
32	2442.166968871141
33	1633.7569698483348
34	2409.274865228952
35	2403.5426180817376
36	2377.315824758436
37	1938.0316758315748
38	1657.303127413339
39	1356.1620009805047
40	1155.5969011400448
41	1077.2740812466945
42	990.0142184257274
43	908.8972146565793
44	834.8605330576975
45	767.2293412564759
46	705.0697694713599
47	647.8692497497541
48	595.2792793797125
49	546.9621633738425
50	502.56921381795837
51	461.7750816739426
52	424.2861611336266
53	389.83571731013944
54	358.17821639079193
55	329.0873093877599
56	302.3548222457757
57	277.78955260672956
58	255.21584706712747
59	234.4722789544321
60	215.4104858985811
61	197.89412368633202
62	181.79789874596463
63	167.0066728958045
64	153.41463967120217
65	140.92456834764744
66	129.44710953011236
67	118.90015683707315
68	109.20826009302982
69	100.3020859916578
70	92.11792242477532
71	84.59722295138636
72	77.68618814651563
73	71.33538084369502
74	65.49937254730321
75	60.13641847638064
76	55.20815893627878
77	50.679344892312656
78	46.517585766341654
79	42.69311768130865
80	39.17859048313403
81	35.948872022825526
82	32.98086830622924
83	30.253358220579685
84	27.74684165722283
85	25.44339995100745
86	23.326567628217163
87	21.381214559136424
88	19.59343766445818
89	17.950461397093022
90	16.440546300407732
91	15.05290497923852
92	13.777624884489342
93	12.605597355010104
94	11.528452427723096
95	10.538498916459503
96	9.628669361452921
97	8.79246944579063
98	8.023931504794746
99	7.317571813240647
100	6.668351332831662
101	6.071639647620032
102	5.5231818197789835
103	5.019067937028012
104	4.555705129459966
105	4.1297918534546625
106	3.738294265262084
107	3.378424506110605
108	3.0476207567262463
109	2.7435288995911833
110	2.4639856770227198
111	2.2070032086921856
112	1.9707547696889378
113	1.7535617231187643
114	1.5538815043546492
115	1.3702965900010895
116	1.2015043564024381
117	1.04630776020349
118	0.9036067787383217
119	0.7723905397288036
END

##############
# h_tau_5 # 
##############

#Time 	total case
-1	2.842642570985432e-10
1	221.476806541565
2	265.56106021838224
3	211.35279068651994
4	195.25323081766908
5	194.95454326852712
6	263.0068577261932
7	488.97764912863727
8	309.4294455806462
9	391.0999393658699
10	472.0389429011875
11	589.7466935231664
12	268.17840404340814
13	543.0819389078697
14	975.0767293918161
15	945.0860214456916
16	862.8665977316932
17	943.6317752942914
18	1390.2912655651417
19	1185.8820365911488
20	1078.6195851499342
21	1929.4279889226073
22	1982.0155221145706
23	2899.1170682528427
24	3009.280030943719
25	2805.9690144222222
26	1919.1390971786823
27	2706.5558768645897
28	3371.0104547173432
29	4043.847293406405
30	2967.9001568956955
31	2786.1066425242607
32	1889.5984915839508
33	1282.288692348273
34	1922.4056052552987
35	1940.882887116859
36	1929.788312681325
37	1571.169509809224
38	1349.315962854802
39	1117.8210883550855
40	966.5489615835031
41	911.9124227328066
42	844.4908085793359
43	779.4563308070501
44	719.3106199693648
45	664.8804776019606
46	615.2913172719345
47	569.4405186571967
48	526.8393056013301
49	487.27915648733324
50	450.6525680170307
51	416.804065905053
52	385.52132483933383
53	356.5926106992265
54	329.8282287907059
55	305.0643286427876
56	282.15456893314695
57	260.9625999014024
58	241.36031453649048
59	223.2280627780492
60	206.45511902828002
61	190.939424266704
62	176.58679631621635
63	163.31014750116447
64	151.02885933811194
65	139.66830546446727
66	129.15944042445335
67	119.43840158759849
68	110.44612242987205
69	102.12796723927022
70	94.43339479177666
71	87.31565086312185
72	80.7314854063734
73	74.64089085122396
74	69.00685937117669
75	63.795157930930145
76	58.97412016405724
77	54.51445392605092
78	50.389063343624
79	46.572884213368525
80	43.04273171494424
81	39.77715951432765
82	36.756329429656034
83	33.96189085689548
84	31.376869237225037
85	28.985562886999105
86	26.773447554383893
87	24.727088140076376
88	22.83405702537857
89	21.082858523717732
90	19.462859001447214
91	17.96422223497939
92	16.577849610956036
93	15.295324814709602
94	14.108862664157641
95	13.011261779436609
96	11.995860801194794
97	11.05649789479503
98	10.187473288475303
99	9.383514618879417
100	8.63974488202075
101	7.951652778181597
102	7.315065289833001
103	6.726122311709332
104	6.181253182570799
105	5.677154977529426
106	5.210772429723875
107	4.779279358306667
108	4.380061485324404
109	4.010700549042667
110	3.668959597926005
111	3.3527693943178747
112	3.0602158424881054
113	2.789528345441795
114	2.539069051577826
115	2.3073228922730777
116	2.092888380473596
117	1.8944690902135335
118	1.7108657752396539
119	1.5409690872620558
END

##############
# h_tau_6 # 
##############

#Time 	total case
-1	2.842642570985432e-10
1	221.476806541565
2	265.56106021838224
3	211.35279068651994
4	195.25323081766908
5	194.95454326852712
6	241.19578909845063
7	429.18672557437617
8	276.8881692934335
9	351.3484952923368
10	425.5472460215351
11	524.1494628219875
12	233.34656746448582
13	460.2893872592813
14	805.4652813868101
15	771.8001965620997
16	701.0649842606726
17	750.3302051765659
18	1077.7402086185184
19	912.737643421452
20	827.6204614148737
21	1460.4083601155507
22	1501.9526266100365
23	2192.5442262699908
24	2274.3621337894256
25	2110.1456295618555
26	1444.3523250061953
27	2069.501020192809
28	2628.3982475222037
29	3252.9211181805986
30	2467.070526670759
31	2397.9086808758984
32	1593.2970403072977
33	1072.9583709218423
34	1619.5378276627089
35	1659.8676297831043
36	1677.6578314696235
37	1379.1113896110473
38	1181.5914434036968
39	979.2533533600581
40	854.0801596076708
41	816.2035615851855
42	765.472479555443
43	712.6688382923094
44	660.6378929013517
45	612.0103729041002
46	568.2272185495603
47	528.7457979149985
48	492.46332947706105
49	458.64488073169923
50	426.9067904155236
51	397.13689589052956
52	369.3540718346485
53	343.5319772344883
54	319.5640953476541
55	297.30648799525807
56	276.6115730921956
57	257.34967907934333
58	239.41590781197738
59	222.72219767306524
60	207.18812519653875
61	192.73665270923084
62	179.29324055933102
63	166.7867775198756
64	155.15087150377803
65	144.32429693355516
66	134.25065357123822
67	124.87775940836582
68	116.15708440931485
69	108.04335766544682
70	100.49434449429828
71	93.4706979849434
72	86.93581095372065
73	80.85564776023239
74	75.19856276896462
75	69.93512122653192
76	65.03793517444137
77	60.48151745240466
78	56.24215054789238
79	52.297766099
80	48.6278320816491
81	45.213246510887984
82	42.03623763313226
83	39.08027082824992
84	36.329962173098465
85	33.77099827697384
86	31.39006185936887
87	29.17476253455243
88	27.11357237035554
89	25.19576587535994
90	23.41136413235654
91	21.751082817550923
92	20.206283843130223
93	18.768930375787022
94	17.431544991399278
95	16.18717074322194
96	15.029334932856727
97	13.952015406517603
98	12.949609188275645
99	12.016903306095628
100	11.149047641105426
101	10.341529666882707
102	9.590150955416902
103	8.891005309065804
104	8.24045841719635
105	7.635128933266969
106	7.071870863997901
107	6.547757183572685
108	6.06006459458149
109	5.606259344844148
110	5.1839840313914465
111	4.791045326746826
112	4.425402553766617
113	4.085157063593215
114	3.7685423477596487
115	3.4739148362132255
116	3.199745344252733
117	2.9446111066936282
118	2.707188371627126
119	2.4862455079928623
END

##############
# h_tau_7 # 
##############

#Time 	total case
-1	2.842642570985432e-10
1	221.476806541565
2	265.56106021838224
3	211.35279068651994
4	195.25323081766908
5	194.95454326852712
6	241.19578909845063
7	394.6069158848245
8	243.26104108401137
9	313.9285288515473
10	381.91065581293105
11	472.16947458467484
12	212.44318159270824
13	422.0589719046743
14	716.6364087482284
15	657.3306773335826
16	584.5953722202667
17	620.9765700767775
18	878.182745288922
19	732.3970760981283
20	670.4834649920649
21	1193.7488262843526
22	1209.562871832548
23	1761.363944933477
24	1825.1244664437509
25	1697.119855788591
26	1151.267851783472
27	1644.4180965266205
28	2128.551483844647
29	2688.6242430944876
30	2107.7987326973052
31	2119.1946413820187
32	1457.5613193696518
33	959.1835604441512
34	1429.3976416429978
35	1465.1267561022505
36	1492.958197222746
37	1246.1764488614717
38	1084.1808179304426
39	901.6805164173711
40	787.5661118552816
41	757.1823549473411
42	716.3960687583676
43	673.0875381951846
44	628.7390850734737
45	585.5621925680025
46	544.925665356619
47	508.0874178682716
48	474.92921057424246
49	444.59555942667794
50	416.3840880255011
51	389.83301456964546
52	364.73398823598836
53	341.0215504307489
54	318.7388649809727
55	297.9121810016004
56	278.4971068254963
57	260.40312574108975
58	243.5204330808774
59	227.74292851758946
60	212.9785552465546
61	199.15513802520582
62	186.215502915431
63	174.10933848781133
64	162.788410055633
65	152.20470193392975
66	142.31066442446172
67	133.06021230931947
68	124.40999294168432
69	116.32005016648327
70	108.75374192140589
71	101.67730411385855
72	95.05934990491369
73	88.87047807707131
74	83.0830287470817
75	77.6709806387662
76	72.60991791617562
77	67.8769966207401
78	63.450883526937105
79	59.311667428541114
80	55.44075621641241
81	51.820773653817014
82	48.43546680766303
83	45.26962756756984
84	42.30902569797763
85	39.54034922319988
86	36.95114869574172
87	34.52978356924723
88	32.265370263434306
89	30.14773244996468
90	28.167354232013167
91	26.315336594663677
92	24.583357100338617
93	22.96363253853633
94	21.448884178927983
95	20.03230526065454
96	18.70753051632346
97	17.468607566792343
98	16.309970114314638
99	15.226412855110539
100	14.21306802728941
101	13.265383506150101
102	12.379102338723897
103	11.550243614503415
104	10.775084572087508
105	10.050143868436862
106	9.372165921216947
107	8.73810626755585
108	8.145117868261877
109	7.590538302822097
110	7.071877799462527
111	6.586808030573593
112	6.1331516493082745
113	5.708872498704295
114	5.312066452097497
115	4.940952852986811
116	4.593866504787002
117	4.269250188553997
118	3.96564765497169
119	3.681697075146076
END
