
##############
# h_nominal # 
##############

#Time 	total case
-1	3.9376867652e-10
0	92.2224999996
1	192.910667398
2	175.479690163
3	165.826184153
4	168.700893098
5	212.57185637
6	390.293319918
7	256.848165616
8	309.620847122
9	380.888010184
10	476.952087231
11	220.645096697
12	417.005941576
13	765.774743535
14	769.729995811
15	694.288063438
16	749.473649814
17	1109.94375575
18	981.425371998
19	881.542187826
20	1562.28664554
21	1695.81669182
22	2525.77065272
23	2739.90416741
24	2592.04020295
25	1788.64879069
26	2424.19256984
27	3138.62981901
28	3916.78499972
29	3001.87297087
30	2807.92004176
31	1859.08961545
32	1215.17280925
33	1793.0569123
34	1893.41271017
35	1916.34199784
36	1564.62052578
37	1312.48880412
38	1080.13577716
39	929.797802904
40	879.482254921
41	819.567226518
42	757.638832277
43	698.946063477
44	646.022351364
45	598.976664161
46	555.73696316
47	515.354600311
48	477.561107218
49	442.378338069
50	409.833847756
51	379.755986261
52	351.918735085
53	326.116146426
54	302.18546047
55	279.999004412
56	259.438568678
57	240.388440282
58	222.736783438
59	206.378902797
60	191.219096401
61	177.169743736
62	164.149925011
63	152.084445251
64	140.903358137
65	130.541757896
66	120.939527405
67	112.041007504
68	103.794641124
69	96.1526439707
70	89.0707215167
71	82.5078189615
72	76.4258902186
73	70.7896797964
74	65.5665174691
75	60.7261275254
76	56.2404527674
77	52.0834920842
78	48.231150108
79	44.6610977243
80	41.352642642
81	38.2866093828
82	35.4452280884
83	32.8120314969
84	30.3717594926
85	28.1102706357
86	26.0144601691
87	24.0721840323
88	22.2721884326
89	20.6040445921
90	19.0580882685
91	17.6253637058
92	16.2975717057
93	15.0670214875
94	13.9265860903
95	12.8696610341
96	11.8901260194
97	10.9823094284
98	10.1409554283
99	9.36119349091
100	8.6385101429
101	7.9687227883
102	7.34795544785
103	6.77261628371
104	6.2393767578
105	5.74515233989
106	5.28708460584
107	4.86252466701
108	4.46901780639
109	4.10428923948
110	3.7662309273
111	3.45288934479
112	3.16245415982
113	2.89324772661
114	2.64371536389
115	2.41241633704
116	2.19801550353
117	1.99927557573
118	1.81504993928
END

##############
# h_k_9.0 # 
##############

#Time 	total case
-1	3.9376867652e-10
1	184.445
2	245.948734796
3	206.2604298
4	185.649359434
5	183.189019017
6	226.209062683
7	440.113464414
8	293.651612699
9	351.660834495
10	426.755339675
11	526.285633501
12	245.128250571
13	466.817427676
14	860.562907708
15	864.24364172
16	775.584665196
17	835.9003137
18	1239.23829526
19	1097.84747816
20	987.08636079
21	1748.17474908
22	1895.81263568
23	2822.50716491
24	3062.38558788
25	2898.27075609
26	2000.17852847
27	2710.4563816
28	3508.54474849
29	4377.91969688
30	3355.22948277
31	3138.44726454
32	2077.87890706
33	1358.10590566
34	2003.83484919
35	2115.86850404
36	2141.38364092
37	1748.27348656
38	1466.46654783
39	1206.77739264
40	1038.74695407
41	982.477556254
42	915.496550511
43	846.275195098
44	780.67377572
45	721.520786923
46	668.937631538
47	620.610783849
48	575.480625336
49	533.246665332
50	493.932513079
51	457.568254613
52	423.961822478
53	392.860546421
54	364.034171935
55	337.300645627
56	312.517084745
57	289.551207851
58	268.273563299
59	248.55906207
60	230.290610164
61	213.361170421
62	197.672744197
63	183.13483074
64	169.663337433
65	157.18004671
66	145.612381742
67	134.893123635
68	124.960041139
69	115.755492486
70	107.226056936
71	99.3222179772
72	91.9980833724
73	85.2111265239
74	78.9219422956
75	73.0940171992
76	67.6935159138
77	62.6890842947
78	58.0516676009
79	53.7543422346
80	49.7721596439
81	46.082001493
82	42.6624453733
83	39.4936403929
84	36.5571919129
85	33.836054754
86	31.3144342267
87	28.9776944126
88	26.812273157
89	24.8056033041
90	22.9460397027
91	21.2227915696
92	19.6258598159
93	18.1459789564
94	16.7745632991
95	15.5036570654
96	14.3258881745
97	13.2344254196
98	12.2229387838
99	11.2855626697
100	10.4168618195
101	9.61179974179
102	8.86570945692
103	8.17426637621
104	7.53346319008
105	6.93958657651
106	6.38919563932
107	5.87910191444
108	5.40635084859
109	4.96820463336
110	4.56212630919
111	4.18576501907
112	3.83694235924
113	3.51363972208
114	3.21398657566
115	2.93624959297
116	2.67882258935
117	2.44021719143
118	2.21905419402
119	2.0140555496
END

##############
# h_k_15.0 # 
##############

#Time 	total case
-1	3.9376867652e-10
1	184.445
2	245.948734796
3	206.2604298
4	185.649359434
5	183.189019017
6	226.209062683
7	440.113464414
8	293.651612699
9	351.660834495
10	426.755339675
11	526.285633501
12	245.128250571
13	466.817427676
14	860.562907708
15	864.24364172
16	775.584665196
17	835.9003137
18	1239.23829526
19	1097.84747816
20	987.08636079
21	1748.17474908
22	1895.81263568
23	2822.50716491
24	3062.38558788
25	2898.27075609
26	2000.17852847
27	2710.4563816
28	3508.54474849
29	4377.91969688
30	3355.22948277
31	3138.44726454
32	2077.87890706
33	1358.10590566
34	2003.83484919
35	2115.86850404
36	2141.38364092
37	1748.27348656
38	1466.46654783
39	1206.77739264
40	1038.74695407
41	982.477556254
42	915.496550511
43	846.275195098
44	780.67377572
45	721.520786923
46	668.937631538
47	620.610783849
48	575.480625336
49	533.246665332
50	493.932513079
51	457.568254613
52	423.961822478
53	392.860546421
54	364.034171935
55	337.300645627
56	312.517084745
57	289.551207851
58	268.273563299
59	248.55906207
60	230.290610164
61	213.361170421
62	197.672744197
63	183.13483074
64	169.663337433
65	157.18004671
66	145.612381742
67	134.893123635
68	124.960041139
69	115.755492486
70	107.226056936
71	99.3222179772
72	91.9980833724
73	85.2111265239
74	78.9219422956
75	73.0940171992
76	67.6935159138
77	62.6890842947
78	58.0516676009
79	53.7543422346
80	49.7721596439
81	46.082001493
82	42.6624453733
83	39.4936403929
84	36.5571919129
85	33.836054754
86	31.3144342267
87	28.9776944126
88	26.812273157
89	24.8056033041
90	22.9460397027
91	21.2227915696
92	19.6258598159
93	18.1459789564
94	16.7745632991
95	15.5036570654
96	14.3258881745
97	13.2344254196
98	12.2229387838
99	11.2855626697
100	10.4168618195
101	9.61179974179
102	8.86570945692
103	8.17426637621
104	7.53346319008
105	6.93958657651
106	6.38919563932
107	5.87910191444
108	5.40635084859
109	4.96820463336
110	4.56212630919
111	4.18576501907
112	3.83694235924
113	3.51363972208
114	3.21398657566
115	2.93624959297
116	2.67882258935
117	2.44021719143
118	2.21905419402
119	2.0140555496
END

##############
# h_beta_0.0517 # 
##############

#Time 	total case
-1	3.9376867652e-10
1	184.445
2	261.716108617
3	221.76341795
4	200.914986025
5	199.096562195
6	246.560235487
7	491.783869562
8	334.585091689
9	406.261753881
10	498.128625124
11	619.150814496
12	292.463660414
13	564.507821842
14	1054.89248549
15	1073.73752279
16	975.123788031
17	1063.92162673
18	1598.12021483
19	1435.11291661
20	1306.51856952
21	2340.5374318
22	2568.79830178
23	3870.48894868
24	4251.6878281
25	4074.88238768
26	2846.78023758
27	3899.01112741
28	5097.82769343
29	6421.15603165
30	4967.93791868
31	4688.21038059
32	3128.56713079
33	2063.49006825
34	3071.26616794
35	3270.13419741
36	3337.56799042
37	2747.76510626
38	2325.86944869
39	1933.19444901
40	1680.01829343
41	1603.0932466
42	1505.83696874
43	1402.84882168
44	1304.46868985
45	1215.67117883
46	1136.73555432
47	1063.60860199
48	994.543837618
49	929.20321754
50	867.8255332
51	810.630023233
52	757.376622193
53	707.694198329
54	661.251060277
55	617.806157626
56	577.18895806
57	539.238324972
58	503.787236606
59	470.668018819
60	439.721770046
61	410.803837689
62	383.781939556
63	358.533095637
64	334.941708384
65	312.898990914
66	292.303069256
67	273.058871067
68	255.077721825
69	238.276824742
70	222.57878566
71	207.911243004
72	194.206559984
73	181.401536681
74	169.437126195
75	158.258158689
76	147.813082522
77	138.053725469
78	128.935074052
79	120.415067817
80	112.454406377
81	105.016368442
82	98.0666425169
83	91.5731687781
84	85.5059914527
85	79.8371209126
86	74.5404047694
87	69.5914073702
88	64.9672971786
89	60.6467415296
90	56.6098082817
91	52.8378739316
92	49.3135377375
93	46.0205414766
94	42.9436944567
95	40.0688034522
96	37.3826072276
97	34.8727153598
98	32.5275510719
99	30.336297815
100	28.2888493629
101	26.3757631647
102	24.5882167793
103	22.9179671499
104	21.3573125654
105	19.8990571089
106	18.5364774459
107	17.2632917852
108	16.0736308909
109	14.9620109817
110	13.9233084192
111	12.9527360541
112	12.0458211306
113	11.1983846339
114	10.4065220005
115	9.66658509051
116	8.97516534786
117	8.32907806549
118	7.72534767783
119	7.16119402887
END

##############
# h_k_10.8 # 
##############

#Time 	total case
-1	3.9376867652e-10
1	184.445
2	245.948734796
3	206.2604298
4	185.649359434
5	183.189019017
6	226.209062683
7	440.113464414
8	293.651612699
9	351.660834495
10	426.755339675
11	526.285633501
12	245.128250571
13	466.817427676
14	860.562907708
15	864.24364172
16	775.584665196
17	835.9003137
18	1239.23829526
19	1097.84747816
20	987.08636079
21	1748.17474908
22	1895.81263568
23	2822.50716491
24	3062.38558788
25	2898.27075609
26	2000.17852847
27	2710.4563816
28	3508.54474849
29	4377.91969688
30	3355.22948277
31	3138.44726454
32	2077.87890706
33	1358.10590566
34	2003.83484919
35	2115.86850404
36	2141.38364092
37	1748.27348656
38	1466.46654783
39	1206.77739264
40	1038.74695407
41	982.477556254
42	915.496550511
43	846.275195098
44	780.67377572
45	721.520786923
46	668.937631538
47	620.610783849
48	575.480625336
49	533.246665332
50	493.932513079
51	457.568254613
52	423.961822478
53	392.860546421
54	364.034171935
55	337.300645627
56	312.517084745
57	289.551207851
58	268.273563299
59	248.55906207
60	230.290610164
61	213.361170421
62	197.672744197
63	183.13483074
64	169.663337433
65	157.18004671
66	145.612381742
67	134.893123635
68	124.960041139
69	115.755492486
70	107.226056936
71	99.3222179772
72	91.9980833724
73	85.2111265239
74	78.9219422956
75	73.0940171992
76	67.6935159138
77	62.6890842947
78	58.0516676009
79	53.7543422346
80	49.7721596439
81	46.082001493
82	42.6624453733
83	39.4936403929
84	36.5571919129
85	33.836054754
86	31.3144342267
87	28.9776944126
88	26.812273157
89	24.8056033041
90	22.9460397027
91	21.2227915696
92	19.6258598159
93	18.1459789564
94	16.7745632991
95	15.5036570654
96	14.3258881745
97	13.2344254196
98	12.2229387838
99	11.2855626697
100	10.4168618195
101	9.61179974179
102	8.86570945692
103	8.17426637621
104	7.53346319008
105	6.93958657651
106	6.38919563932
107	5.87910191444
108	5.40635084859
109	4.96820463336
110	4.56212630919
111	4.18576501907
112	3.83694235924
113	3.51363972208
114	3.21398657566
115	2.93624959297
116	2.67882258935
117	2.44021719143
118	2.21905419402
119	2.0140555496
END

##############
# h_gamma_9e-06 # 
##############

#Time 	total case
-1	3.9376867652e-10
1	184.445
2	245.948734796
3	206.260434434
4	185.649375149
5	183.189050845
6	226.209114818
7	440.113540765
8	293.651718257
9	351.660980279
10	426.755531908
11	526.285879724
12	245.128560114
13	466.81781236
14	860.563370291
15	864.244190985
16	775.585320979
17	835.901095078
18	1239.23921767
19	1097.84855782
20	987.087624641
21	1748.17621807
22	1895.81432594
23	2822.50911322
24	3062.38783366
25	2898.27336423
26	2000.18156904
27	2710.45991595
28	3508.54880912
29	4377.92433517
30	3355.23477404
31	3138.45330586
32	2077.8857658
33	1358.11364034
34	2003.84348407
35	2115.87804483
36	2141.39411168
37	1748.28491586
38	1466.4789636
39	1206.79081153
40	1038.76138427
41	982.492998163
42	915.513000358
43	846.292647732
44	780.692224366
45	721.540223205
46	668.958045655
47	620.632164825
48	575.502961205
49	533.269943263
50	493.956719464
51	457.593375172
52	423.987842358
53	392.887450292
54	364.061944075
55	337.329269994
56	312.546545048
57	289.581487603
58	268.304645879
59	248.590930769
60	230.323248234
61	213.394561116
62	197.706870806
63	183.169676624
64	169.698886051
65	157.216281647
66	145.649286731
67	134.930682581
68	124.998238132
69	115.794311823
70	107.265483129
71	99.3622357659
72	92.0386777411
73	85.2522827009
74	78.9636457675
75	73.1362537134
76	67.736271484
77	62.7323452072
78	58.0954204126
79	53.7985737763
80	49.8168570269
81	46.1271521002
82	42.7080368682
83	39.5396607116
84	36.6036292664
85	33.882897625
86	31.3616713695
87	29.0253148463
88	26.8602661681
89	24.8539584384
90	22.9947467656
91	21.2718406201
92	19.6752411616
93	18.1956831531
94	16.8245811456
95	15.5539795956
96	14.3765066583
97	13.2853313554
98	12.2741238964
99	11.3370189
100	10.468581327
101	9.66377489778
102	8.9179328357
103	8.22673075838
104	7.58616155043
105	6.99251208392
106	6.44234165239
107	5.93246197376
108	5.45991867332
109	5.02197412249
110	4.61609152923
111	4.23992020292
112	3.89128190302
113	3.5681581828
114	3.26867866016
115	2.99111016231
116	2.73384665007
117	2.49539989208
118	2.274390823
119	2.06954153081
END

##############
# h_beta_0.03525 # 
##############

#Time 	total case
-1	3.9376867652e-10
1	184.445
2	206.530300243
3	167.502959428
4	147.485292955
5	143.420161076
6	175.331130669
7	319.345729957
8	201.543567237
9	231.460797206
10	271.864646413
11	326.748699699
12	146.248504617
13	268.250019611
14	475.748800447
15	459.265342997
16	397.450317817
17	413.047811024
18	589.372817943
19	502.023421612
20	435.310965109
21	745.413653393
22	780.305017295
23	1121.67974449
24	1173.94212476
25	1070.92279241
26	713.001786301
27	936.404640565
28	1177.14311163
29	1429.25551501
30	1065.96148629
31	972.189544283
32	629.305243337
33	400.800398321
34	576.824696278
35	594.761174331
36	587.647280339
37	468.423994593
38	382.856503294
39	306.165996861
40	256.363344588
41	236.37252316
42	215.211515351
43	194.541821341
44	175.422410789
45	158.349048255
46	143.284252007
47	129.744079635
48	117.458196277
49	106.284785021
50	96.1452429437
51	86.974046294
52	78.6847457141
53	71.1891711627
54	64.4068127427
55	58.2677336468
56	52.7113755023
57	47.6832117965
58	43.1334208397
59	39.0164836166
60	35.2910668224
61	31.9198452584
62	28.8691244263
63	26.108445285
64	23.6102397541
65	21.3495468894
66	19.3037733081
67	17.4524749966
68	15.7771549486
69	14.2610770566
70	12.8890972591
71	11.6475116102
72	10.5239193943
73	9.50709938048
74	8.58689774765
75	7.7541265455
76	7.00047177641
77	6.31841024315
78	5.70113432336
79	5.14248390422
80	4.63688479487
81	4.17929299377
82	3.76514425132
83	3.39030843654
84	3.05104823908
85	2.74398180327
86	2.46604891944
87	2.21448042344
88	1.98677051473
89	1.78065170385
90	1.59407214341
91	1.42517511798
92	1.27228047773
93	1.13386785084
94	1.00856143834
95	0.895116269301
96	0.79240575173
97	0.699410413115
98	0.61520771504
99	0.538962828574
100	0.469920297761
101	0.407396484658
102	0.350772740472
103	0.299489226101
104	0.253039316733
105	0.210964541679
106	0.172850004888
107	0.138320239112
108	0.107035461002
109	0.0786881709028
110	0.0530000861218
111	0.0297193648112
112	0.00861808653281
113	-0.0105100176443
114	-0.0278516258659
115	-0.0435756894258
116	-0.0578351172408
117	-0.0707682988104
118	-0.0825004885446
119	-0.093145052906
END

##############
# h_gamma_1.25e-05 # 
##############

#Time 	total case
-1	3.9376867652e-10
1	184.445
2	245.948734796
3	206.260418217
4	185.649320147
5	183.188939448
6	226.208932345
7	440.11327354
8	293.651348806
9	351.66047004
10	426.754859098
11	526.285017953
12	245.127476721
13	466.816465981
14	860.561751263
15	864.242268577
16	775.583025761
17	835.898360281
18	1239.23598928
19	1097.84477905
20	987.083201218
21	1748.17107667
22	1895.80841011
23	2822.50229422
24	3062.37997354
25	2898.26423585
26	2000.17092719
27	2710.44754591
28	3508.53459712
29	4377.90810137
30	3355.21625489
31	3138.43216155
32	2077.86176059
33	1358.08656939
34	2003.8132625
35	2115.84465267
36	2141.35746467
37	1748.24491409
38	1466.43550925
39	1206.74384639
40	1038.71087965
41	982.438952698
42	915.455427242
43	846.23156501
44	780.627655755
45	721.472198025
46	668.886598226
47	620.557333566
48	575.424788003
49	533.188473044
50	493.871999856
51	457.505456168
52	423.896775951
53	392.793290146
54	363.964745223
55	337.229088587
56	312.443438119
57	289.47551286
58	268.195861506
59	248.47939525
60	230.209020193
61	213.277699175
62	197.587433456
63	183.047722111
64	169.574472274
65	157.089466064
66	145.52012628
67	134.799233605
68	124.864556318
69	115.658452143
70	107.127499795
71	99.2221821874
72	91.8966064863
73	85.1082454707
74	78.8176933646
75	72.9884360276
76	67.5866374688
77	62.5809428715
78	57.9422968092
79	53.643774996
80	49.6604281922
81	45.9691373693
82	42.5484794279
83	39.3786027867
84	36.4411121226
85	33.7189615747
86	31.1963557793
87	28.8586581485
88	26.6923058669
89	24.6847311244
90	22.8242881248
91	21.1001854516
92	19.5024233863
93	18.0217358315
94	16.6495364866
95	15.3778689786
96	14.1993606433
97	13.1071797006
98	12.0949955726
99	11.1569421093
100	10.2875835153
101	9.48188277213
102	8.73517238106
103	8.04312725087
104	7.40173957621
105	6.80729555571
106	6.25635381954
107	5.74572544427
108	5.27245542614
109	4.83380552291
110	4.42723834226
111	4.05040261324
112	3.70111952488
113	3.37737007334
114	3.07728334049
115	2.79912562414
116	2.5412903723
117	2.30228885528
118	2.08074152048
119	1.87536998183
END

##############
# h_beta_0.05875 # 
##############

#Time 	total case
-1	3.9376867652e-10
1	184.445
2	285.367169349
3	245.017900174
4	223.813425912
5	222.95787696
6	277.086994695
7	572.892923535
8	400.367387608
9	495.148871404
10	615.276173831
11	772.427272828
12	372.120621952
13	731.980057959
14	1393.80837185
15	1444.73401999
16	1332.85201038
17	1478.56248173
18	2261.29921452
19	2068.87263707
20	1915.90391163
21	3485.78307489
22	3888.26503873
23	5954.67871791
24	6652.5919458
25	6486.53001803
26	4607.32224264
27	6401.93921259
28	8484.73163681
29	10825.2842722
30	8484.58059322
31	8104.60930996
32	5467.49617056
33	3651.41846388
34	5500.09333441
35	5923.61030253
36	6116.03054604
37	5093.24131857
38	4365.13886341
39	3677.96370156
40	3238.17436085
41	3127.16753316
42	2969.65198759
43	2796.02814378
44	2628.47893182
45	2477.55232999
46	2343.89041966
47	2218.66583711
48	2098.33728109
49	1982.63839276
50	1872.5749753
51	1769.02424577
52	1671.66578168
53	1579.83297391
54	1492.9611484
55	1410.71427391
56	1332.92434624
57	1259.41937861
58	1189.98426169
59	1124.38124104
60	1062.38092224
61	1003.78005339
62	948.395869677
63	896.057046208
64	846.598824535
65	799.862692831
66	755.698180427
67	713.963637068
68	674.525808917
69	637.258934547
70	602.043983041
71	568.768250034
72	537.325123004
73	507.613843165
74	479.539209414
75	453.011252444
76	427.944926458
77	404.259834581
78	381.879980953
79	360.733537524
80	340.752619288
81	321.873068318
82	304.034248838
83	287.178854216
84	271.252725267
85	256.204678603
86	241.986344085
87	228.55201085
88	215.858481628
89	203.864934994
90	192.532795169
91	181.825608935
92	171.708929236
93	162.150205109
94	153.118677615
95	144.585281441
96	136.522551893
97	128.90453695
98	121.706714155
99	114.905912027
100	108.480235782
101	102.40899713
102	96.6726479043
103	91.252717334
104	86.1317527629
105	81.2932636052
106	76.7216683934
107	72.4022447198
108	68.3210819309
109	64.4650364227
110	60.8216893886
111	57.3793068941
112	54.1268021369
113	51.0536997942
114	48.1501023239
115	45.4066581154
116	42.8145314064
117	40.3653738428
118	38.051297605
119	35.864850024
END

##############
# h_k_12.0 # 
##############

#Time 	total case
-1	3.9376867652e-10
1	184.445
2	245.948734796
3	206.2604298
4	185.649359434
5	183.189019017
6	226.209062683
7	440.113464414
8	293.651612699
9	351.660834495
10	426.755339675
11	526.285633501
12	245.128250571
13	466.817427676
14	860.562907708
15	864.24364172
16	775.584665196
17	835.9003137
18	1239.23829526
19	1097.84747816
20	987.08636079
21	1748.17474908
22	1895.81263568
23	2822.50716491
24	3062.38558788
25	2898.27075609
26	2000.17852847
27	2710.4563816
28	3508.54474849
29	4377.91969688
30	3355.22948277
31	3138.44726454
32	2077.87890706
33	1358.10590566
34	2003.83484919
35	2115.86850404
36	2141.38364092
37	1748.27348656
38	1466.46654783
39	1206.77739264
40	1038.74695407
41	982.477556254
42	915.496550511
43	846.275195098
44	780.67377572
45	721.520786923
46	668.937631538
47	620.610783849
48	575.480625336
49	533.246665332
50	493.932513079
51	457.568254613
52	423.961822478
53	392.860546421
54	364.034171935
55	337.300645627
56	312.517084745
57	289.551207851
58	268.273563299
59	248.55906207
60	230.290610164
61	213.361170421
62	197.672744197
63	183.13483074
64	169.663337433
65	157.18004671
66	145.612381742
67	134.893123635
68	124.960041139
69	115.755492486
70	107.226056936
71	99.3222179772
72	91.9980833724
73	85.2111265239
74	78.9219422956
75	73.0940171992
76	67.6935159138
77	62.6890842947
78	58.0516676009
79	53.7543422346
80	49.7721596439
81	46.082001493
82	42.6624453733
83	39.4936403929
84	36.5571919129
85	33.836054754
86	31.3144342267
87	28.9776944126
88	26.812273157
89	24.8056033041
90	22.9460397027
91	21.2227915696
92	19.6258598159
93	18.1459789564
94	16.7745632991
95	15.5036570654
96	14.3258881745
97	13.2344254196
98	12.2229387838
99	11.2855626697
100	10.4168618195
101	9.61179974179
102	8.86570945692
103	8.17426637621
104	7.53346319008
105	6.93958657651
106	6.38919563932
107	5.87910191444
108	5.40635084859
109	4.96820463336
110	4.56212630919
111	4.18576501907
112	3.83694235924
113	3.51363972208
114	3.21398657566
115	2.93624959297
116	2.67882258935
117	2.44021719143
118	2.21905419402
119	2.0140555496
END

##############
# h_gamma_1.1e-05 # 
##############

#Time 	total case
-1	3.9376867652e-10
1	184.445
2	245.948734796
3	206.260425167
4	185.649343719
5	183.188987189
6	226.209010547
7	440.113388065
8	293.651507141
9	351.660688713
10	426.755147443
11	526.285387281
12	245.12794103
13	466.817042996
14	860.562445127
15	864.24309246
16	775.584009418
17	835.899532327
18	1239.23737286
19	1097.8463985
20	987.085096952
21	1748.1732801
22	1895.81094544
23	2822.50521662
24	3062.38334213
25	2898.26814797
26	2000.17548793
27	2710.45284729
28	3508.54068791
29	4377.91505863
30	3355.22419157
31	3138.44122328
32	2077.87204841
33	1358.09817107
34	2003.82621442
35	2115.85896339
36	2141.3731703
37	1748.26205744
38	1466.45413225
39	1206.76397397
40	1038.73252411
41	982.462114623
42	915.480100972
43	846.257742807
44	780.655327452
45	721.501351054
46	668.917217874
47	620.589403366
48	575.45829
49	533.223387982
50	493.908307319
51	457.543134728
52	423.935803323
53	392.833643329
54	364.006400627
55	337.272022146
56	312.487625387
57	289.520929102
58	268.242481785
59	248.527194498
60	230.257973284
61	213.327780982
62	197.638618909
63	183.099986246
64	169.627790274
65	157.143813304
66	145.575478355
67	134.855566366
68	124.921845896
69	115.716674978
70	107.186632651
71	99.2822021724
72	91.9574910699
73	85.169972493
74	78.8802410519
75	73.0517829964
76	67.6507627384
77	62.6458258647
78	58.0079173582
79	53.7101133474
80	49.7274650053
81	46.0368537179
82	42.6168568027
83	39.4476230896
84	36.5107576669
85	33.7892150827
86	31.267200378
87	28.9300773662
88	26.7642836286
89	24.7572517479
90	22.8973363147
91	21.1737462927
92	19.5764823404
93	18.0962787297
94	16.7245495225
95	15.4533387041
96	14.2752739595
97	13.1835238536
98	12.1717581453
99	11.2341110145
100	10.3651469894
101	9.55982936861
102	8.81349096309
103	8.12180698443
104	7.48076992339
105	6.88666626823
106	6.33605493307
107	5.82574726854
108	5.35278854161
109	4.91444077079
110	4.50816682346
111	4.13161567604
112	3.78260876398
113	3.4591273198
114	3.15930065731
115	2.88139529857
116	2.6238049135
117	2.38504098557
118	2.16372417081
119	1.95857628522
END

##############
# h_gamma_1e-05 # 
##############

#Time 	total case
-1	3.9376867652e-10
1	184.445
2	245.948734796
3	206.2604298
4	185.649359434
5	183.189019017
6	226.209062683
7	440.113464414
8	293.651612699
9	351.660834495
10	426.755339675
11	526.285633501
12	245.128250571
13	466.817427676
14	860.562907708
15	864.24364172
16	775.584665196
17	835.9003137
18	1239.23829526
19	1097.84747816
20	987.08636079
21	1748.17474908
22	1895.81263568
23	2822.50716491
24	3062.38558788
25	2898.27075609
26	2000.17852847
27	2710.4563816
28	3508.54474849
29	4377.91969688
30	3355.22948277
31	3138.44726454
32	2077.87890706
33	1358.10590566
34	2003.83484919
35	2115.86850404
36	2141.38364092
37	1748.27348656
38	1466.46654783
39	1206.77739264
40	1038.74695407
41	982.477556254
42	915.496550511
43	846.275195098
44	780.67377572
45	721.520786923
46	668.937631538
47	620.610783849
48	575.480625336
49	533.246665332
50	493.932513079
51	457.568254613
52	423.961822478
53	392.860546421
54	364.034171935
55	337.300645627
56	312.517084745
57	289.551207851
58	268.273563299
59	248.55906207
60	230.290610164
61	213.361170421
62	197.672744197
63	183.13483074
64	169.663337433
65	157.18004671
66	145.612381742
67	134.893123635
68	124.960041139
69	115.755492486
70	107.226056936
71	99.3222179772
72	91.9980833724
73	85.2111265239
74	78.9219422956
75	73.0940171992
76	67.6935159138
77	62.6890842947
78	58.0516676009
79	53.7543422346
80	49.7721596439
81	46.082001493
82	42.6624453733
83	39.4936403929
84	36.5571919129
85	33.836054754
86	31.3144342267
87	28.9776944126
88	26.812273157
89	24.8056033041
90	22.9460397027
91	21.2227915696
92	19.6258598159
93	18.1459789564
94	16.7745632991
95	15.5036570654
96	14.3258881745
97	13.2344254196
98	12.2229387838
99	11.2855626697
100	10.4168618195
101	9.61179974179
102	8.86570945692
103	8.17426637621
104	7.53346319008
105	6.93958657651
106	6.38919563932
107	5.87910191444
108	5.40635084859
109	4.96820463336
110	4.56212630919
111	4.18576501907
112	3.83694235924
113	3.51363972208
114	3.21398657566
115	2.93624959297
116	2.67882258935
117	2.44021719143
118	2.21905419402
119	2.0140555496
END

##############
# h_beta_0.047 # 
##############

#Time 	total case
-1	3.9376867652e-10
1	184.445
2	245.948734796
3	206.2604298
4	185.649359434
5	183.189019017
6	226.209062683
7	440.113464414
8	293.651612699
9	351.660834495
10	426.755339675
11	526.285633501
12	245.128250571
13	466.817427676
14	860.562907708
15	864.24364172
16	775.584665196
17	835.9003137
18	1239.23829526
19	1097.84747816
20	987.08636079
21	1748.17474908
22	1895.81263568
23	2822.50716491
24	3062.38558788
25	2898.27075609
26	2000.17852847
27	2710.4563816
28	3508.54474849
29	4377.91969688
30	3355.22948277
31	3138.44726454
32	2077.87890706
33	1358.10590566
34	2003.83484919
35	2115.86850404
36	2141.38364092
37	1748.27348656
38	1466.46654783
39	1206.77739264
40	1038.74695407
41	982.477556254
42	915.496550511
43	846.275195098
44	780.67377572
45	721.520786923
46	668.937631538
47	620.610783849
48	575.480625336
49	533.246665332
50	493.932513079
51	457.568254613
52	423.961822478
53	392.860546421
54	364.034171935
55	337.300645627
56	312.517084745
57	289.551207851
58	268.273563299
59	248.55906207
60	230.290610164
61	213.361170421
62	197.672744197
63	183.13483074
64	169.663337433
65	157.18004671
66	145.612381742
67	134.893123635
68	124.960041139
69	115.755492486
70	107.226056936
71	99.3222179772
72	91.9980833724
73	85.2111265239
74	78.9219422956
75	73.0940171992
76	67.6935159138
77	62.6890842947
78	58.0516676009
79	53.7543422346
80	49.7721596439
81	46.082001493
82	42.6624453733
83	39.4936403929
84	36.5571919129
85	33.836054754
86	31.3144342267
87	28.9776944126
88	26.812273157
89	24.8056033041
90	22.9460397027
91	21.2227915696
92	19.6258598159
93	18.1459789564
94	16.7745632991
95	15.5036570654
96	14.3258881745
97	13.2344254196
98	12.2229387838
99	11.2855626697
100	10.4168618195
101	9.61179974179
102	8.86570945692
103	8.17426637621
104	7.53346319008
105	6.93958657651
106	6.38919563932
107	5.87910191444
108	5.40635084859
109	4.96820463336
110	4.56212630919
111	4.18576501907
112	3.83694235924
113	3.51363972208
114	3.21398657566
115	2.93624959297
116	2.67882258935
117	2.44021719143
118	2.21905419402
119	2.0140555496
END

##############
# h_gamma_7.5e-06 # 
##############

#Time 	total case
-1	3.9376867652e-10
1	184.445
2	245.948734796
3	206.260441384
4	185.649398721
5	183.189098588
6	226.20919302
7	440.113655291
8	293.651876595
9	351.661198954
10	426.755820259
11	526.286249059
12	245.129024433
13	466.818389388
14	860.564064173
15	864.245014889
16	775.586304664
17	835.902267159
18	1239.2406013
19	1097.85017733
20	987.089520438
21	1748.17842158
22	1895.81686136
23	2822.51203573
24	3062.39120237
25	2898.2772765
26	2000.18612996
27	2710.46521754
28	3508.55490016
29	4377.93129273
30	3355.24271106
31	3138.462368
32	2077.89605408
33	1358.12524256
34	2003.8564366
35	2115.89235626
36	2141.40981812
37	1748.30206013
38	1466.49758764
39	1206.81094027
40	1038.78303005
41	982.516161545
42	915.537675707
43	846.318827321
44	780.719898039
45	721.569378404
46	668.988667677
47	620.664237212
48	575.536466016
49	533.304861248
50	493.993030218
51	457.631057278
52	424.026873538
53	392.927807557
54	364.103603843
55	337.372208209
56	312.590737272
57	289.626909111
58	268.351271741
59	248.638735927
60	230.372207569
61	213.444649511
62	197.758063198
63	183.221948055
64	169.752211713
65	157.270636921
66	145.704647221
67	134.987024145
68	125.055536908
69	115.852544257
70	107.324625991
71	99.4222661716
72	92.099573165
73	85.3140209909
74	79.0262051531
75	73.1996128192
76	67.8004093335
77	62.7972412289
78	58.161054444
79	53.8649260699
80	49.8839082451
81	46.1948833257
82	42.7764295928
83	39.6086968428
84	36.6732911219
85	33.9531679305
86	31.4325332575
87	29.0967518507
88	26.9322622162
89	24.9264978523
90	23.067814252
91	21.3454212696
92	19.7493204393
93	18.2702468934
94	16.8996155454
95	15.6294712101
96	14.4524423919
97	13.3616984565
98	12.3509099502
99	11.4142118246
100	10.5461693601
101	9.74174659619
102	8.99627706478
103	8.30543668744
104	7.66521864379
105	7.07191009659
106	6.52207062009
107	6.01251220953
108	5.54028076099
109	5.10263890543
110	4.69705010834
111	4.321163931
112	3.97280237582
113	3.64994723251
114	3.350728352
115	3.07341278686
116	2.8163947165
117	2.5781861249
118	2.35740815543
119	2.15278309691
END

##############
# h_k_13.2 # 
##############

#Time 	total case
-1	3.9376867652e-10
1	184.445
2	245.948734796
3	206.2604298
4	185.649359434
5	183.189019017
6	226.209062683
7	440.113464414
8	293.651612699
9	351.660834495
10	426.755339675
11	526.285633501
12	245.128250571
13	466.817427676
14	860.562907708
15	864.24364172
16	775.584665196
17	835.9003137
18	1239.23829526
19	1097.84747816
20	987.08636079
21	1748.17474908
22	1895.81263568
23	2822.50716491
24	3062.38558788
25	2898.27075609
26	2000.17852847
27	2710.4563816
28	3508.54474849
29	4377.91969688
30	3355.22948277
31	3138.44726454
32	2077.87890706
33	1358.10590566
34	2003.83484919
35	2115.86850404
36	2141.38364092
37	1748.27348656
38	1466.46654783
39	1206.77739264
40	1038.74695407
41	982.477556254
42	915.496550511
43	846.275195098
44	780.67377572
45	721.520786923
46	668.937631538
47	620.610783849
48	575.480625336
49	533.246665332
50	493.932513079
51	457.568254613
52	423.961822478
53	392.860546421
54	364.034171935
55	337.300645627
56	312.517084745
57	289.551207851
58	268.273563299
59	248.55906207
60	230.290610164
61	213.361170421
62	197.672744197
63	183.13483074
64	169.663337433
65	157.18004671
66	145.612381742
67	134.893123635
68	124.960041139
69	115.755492486
70	107.226056936
71	99.3222179772
72	91.9980833724
73	85.2111265239
74	78.9219422956
75	73.0940171992
76	67.6935159138
77	62.6890842947
78	58.0516676009
79	53.7543422346
80	49.7721596439
81	46.082001493
82	42.6624453733
83	39.4936403929
84	36.5571919129
85	33.836054754
86	31.3144342267
87	28.9776944126
88	26.812273157
89	24.8056033041
90	22.9460397027
91	21.2227915696
92	19.6258598159
93	18.1459789564
94	16.7745632991
95	15.5036570654
96	14.3258881745
97	13.2344254196
98	12.2229387838
99	11.2855626697
100	10.4168618195
101	9.61179974179
102	8.86570945692
103	8.17426637621
104	7.53346319008
105	6.93958657651
106	6.38919563932
107	5.87910191444
108	5.40635084859
109	4.96820463336
110	4.56212630919
111	4.18576501907
112	3.83694235924
113	3.51363972208
114	3.21398657566
115	2.93624959297
116	2.67882258935
117	2.44021719143
118	2.21905419402
119	2.0140555496
END

##############
# h_beta_0.0423 # 
##############

#Time 	total case
-1	3.9376867652e-10
1	184.445
2	230.181360975
3	190.757441652
4	170.383732843
5	167.28147584
6	205.857889877
7	390.364935212
8	255.055372904
9	300.786003758
10	360.762897686
11	440.877248197
12	202.290911219
13	379.782472245
14	689.983059206
15	682.832956166
16	604.708643901
17	643.034549628
18	939.836842177
19	820.486713741
20	727.800522428
21	1272.94813278
22	1362.48183783
23	2002.2015026
24	2143.38938258
25	2000.92771388
26	1362.59720908
27	1825.10883085
28	2336.89011246
29	2886.33064824
30	2189.59563349
31	2028.72459983
32	1331.79190861
33	862.00273751
34	1259.97224944
35	1318.53619356
36	1322.39842229
37	1069.94497572
38	888.74615578
39	723.525608795
40	616.36533374
41	577.429446341
42	533.405462893
43	488.947959373
44	447.189067002
45	409.635817875
46	376.312219173
47	345.9441223
48	317.904196672
49	291.95431429
50	268.030838163
51	246.08483722
52	225.969839296
53	207.515816511
54	190.566674936
55	174.992163743
56	160.683947053
57	147.543009922
58	135.47581291
59	124.394372106
60	114.217325558
61	104.870455356
62	96.2860446751
63	88.4020394757
64	81.1613844696
65	74.5115815553
66	68.4043804291
67	62.7954768425
68	57.644200563
69	52.9132097675
70	48.5682093204
71	44.5776993227
72	40.912748486
73	37.5467865498
74	34.4554124435
75	31.6162170806
76	29.0086204065
77	26.6137219379
78	24.4141637057
79	22.3940044411
80	20.5386040082
81	18.8345172047
82	17.269396231
83	15.8319011076
84	14.5116174133
85	13.2989807497
86	12.1852073574
87	11.1622304047
88	10.2226414664
89	9.3596367807
90	8.56696789659
91	7.83889634861
92	7.17015202456
93	6.55589493809
94	5.99168012211
95	5.47342538172
96	4.9973816867
97	4.56010597014
98	4.15843615985
99	3.78946824229
100	3.4505351934
101	3.13918763777
102	2.85317608494
103	2.59043460913
104	2.34906586983
105	2.12732734908
106	1.92361871639
107	1.73647022085
108	1.56453203334
109	1.4065644615
110	1.26142895468
111	1.12807985563
112	1.00555681227
113	0.892977817879
114	0.78953281961
115	0.694477841796
116	0.607129593074
117	0.526860519363
118	0.453094246637
119	0.385301410221
END

##############
# h_delta_0.25 # 
##############

#Time 	total case
-1	3.9376867652e-10
1	184.445
2	245.948734796
3	206.2604298
4	185.649359434
5	183.189019017
6	226.209062683
7	440.113464414
8	293.651612699
9	351.660834495
10	426.755339675
11	526.285633501
12	245.128250571
13	466.817427676
14	860.562907708
15	864.24364172
16	775.584665196
17	835.9003137
18	1239.23829526
19	1097.84747816
20	987.08636079
21	1748.17474908
22	1895.81263568
23	2822.50716491
24	3062.38558788
25	2898.27075609
26	2000.17852847
27	2710.4563816
28	3508.54474849
29	4377.91969688
30	3355.22948277
31	3138.44726454
32	2077.87890706
33	1358.10590566
34	2003.83484919
35	2115.86850404
36	2141.38364092
37	1748.27348656
38	1466.46654783
39	1206.77739264
40	1038.74695407
41	982.477556254
42	915.496550511
43	846.275195098
44	780.67377572
45	721.520786923
46	668.937631538
47	620.610783849
48	575.480625336
49	533.246665332
50	493.932513079
51	457.568254613
52	423.961822478
53	392.860546421
54	364.034171935
55	337.300645627
56	312.517084745
57	289.551207851
58	268.273563299
59	248.55906207
60	230.290610164
61	213.361170421
62	197.672744197
63	183.13483074
64	169.663337433
65	157.18004671
66	145.612381742
67	134.893123635
68	124.960041139
69	115.755492486
70	107.226056936
71	99.3222179772
72	91.9980833724
73	85.2111265239
74	78.9219422956
75	73.0940171992
76	67.6935159138
77	62.6890842947
78	58.0516676009
79	53.7543422346
80	49.7721596439
81	46.082001493
82	42.6624453733
83	39.4936403929
84	36.5571919129
85	33.836054754
86	31.3144342267
87	28.9776944126
88	26.812273157
89	24.8056033041
90	22.9460397027
91	21.2227915696
92	19.6258598159
93	18.1459789564
94	16.7745632991
95	15.5036570654
96	14.3258881745
97	13.2344254196
98	12.2229387838
99	11.2855626697
100	10.4168618195
101	9.61179974179
102	8.86570945692
103	8.17426637621
104	7.53346319008
105	6.93958657651
106	6.38919563932
107	5.87910191444
108	5.40635084859
109	4.96820463336
110	4.56212630919
111	4.18576501907
112	3.83694235924
113	3.51363972208
114	3.21398657566
115	2.93624959297
116	2.67882258935
117	2.44021719143
118	2.21905419402
119	2.0140555496
END

##############
# h_mu_0.0225 # 
##############

#Time 	total case
-1	3.9376867652e-10
1	184.445
2	245.948734796
3	206.260441384
4	185.64939846
5	183.189097449
6	226.209190118
7	440.113649522
8	293.651866663
9	351.66118331
10	426.755796769
11	526.286215288
12	245.128977575
13	466.81832618
14	860.563980756
15	864.244907336
16	775.586168646
17	835.902097326
18	1239.24039135
19	1097.84992023
20	987.089208416
21	1748.17804552
22	1895.81641117
23	2822.51150066
24	3062.3905698
25	2898.27653187
26	2000.18525533
27	2710.4641917
28	3508.55369877
29	4377.92989017
30	3355.24107895
31	3138.46047496
32	2077.89386351
33	1358.12271528
34	2003.85353155
35	2115.88903104
36	2141.4060312
37	1748.29776927
38	1466.49275036
39	1206.80551339
40	1038.77697047
41	982.509426761
42	915.53022396
43	846.310618033
44	780.710891857
45	721.559537253
46	668.977954813
47	620.652617251
48	575.523904981
49	533.291326599
50	493.978490871
51	457.615483618
52	424.01023742
53	392.910082299
54	364.084764229
55	337.352230472
56	312.569599083
57	289.604589557
58	268.327751311
59	248.613996483
60	230.346232319
61	213.417422985
62	197.729571214
63	183.192177694
64	169.721151279
65	157.238275914
66	145.670976302
67	134.952035095
68	125.019222607
69	115.814898635
70	107.285643998
71	99.3819437466
72	92.0579071939
73	85.2710092761
74	78.9818463775
75	73.1539065135
76	67.7533558387
77	62.7488416664
78	58.1113106832
79	53.8138406928
80	49.8314845177
81	46.1411251645
82	42.721341537
83	39.5522840245
84	36.6155592361
85	33.8941232085
86	31.3721824357
87	29.0351021476
88	26.8693213066
89	24.8622738407
90	23.0023156494
91	21.2786569678
92	19.6812996889
93	18.2009792838
94	16.8291109804
95	15.5577398887
96	14.3794947866
97	13.2875452973
98	12.2755622028
99	11.3376806713
100	10.4684661885
101	9.6628829754
102	8.91626473579
103	8.22428754026
104	7.58294470955
105	6.9885235309
106	6.4375836886
107	5.92693727564
108	5.45363027159
109	5.01492538293
110	4.60828613298
111	4.23136213644
112	3.88197543468
113	3.55810784637
114	3.25788924353
115	2.97958668892
116	2.72159436526
117	2.48242425109
118	2.26069747319
119	2.05513630272
END

##############
# h_d2_0.027 # 
##############

#Time 	total case
-1	3.9376867652e-10
1	184.445
2	245.948734796
3	206.260428901
4	185.64935687
5	183.189014016
6	226.209054424
7	440.113452019
8	293.651595225
9	351.660810785
10	426.755308539
11	526.285593547
12	245.128200211
13	466.817365159
14	860.562831065
15	864.243548491
16	775.584552501
17	835.900178481
18	1239.23813417
19	1097.84728732
20	987.086135581
21	1748.17448425
22	1895.81232505
23	2822.50680115
24	3062.38516279
25	2898.27026057
26	2000.17795323
27	2710.4557175
28	3508.5439859
29	4377.91882505
30	3355.2284903
31	3138.44614128
32	2077.87764458
33	1358.10449733
34	2003.83329051
35	2115.86679062
36	2141.38176853
37	1748.27145158
38	1466.46434787
39	1206.77502641
40	1038.7444211
41	982.47485664
42	915.493684552
43	846.272163357
44	780.670579053
45	721.51742648
46	668.93410873
47	620.607100305
48	575.476782867
49	533.242665913
50	493.928358827
51	457.563947777
52	423.957365413
53	392.855941576
54	364.029421834
55	337.295752858
56	312.51205195
57	289.546037709
58	268.268258525
59	248.553625397
60	230.28504434
61	213.355478201
62	197.666928331
63	183.128893978
64	169.657282508
65	157.173876342
66	145.606098627
67	134.886730447
68	124.953540522
69	115.748887055
70	107.21934927
71	99.3154106181
72	91.9911788294
73	85.2041272623
74	78.9148507405
75	73.086835735
76	67.6862468816
77	62.68172999
78	58.044230277
79	53.7468240974
80	49.7645628558
81	46.0743281712
82	42.6546975883
83	39.4858201708
84	36.5493012334
85	33.8280955534
86	31.3064083949
87	28.9696037962
88	26.8041195582
89	24.7973884808
90	22.9377653718
91	21.2144594059
92	19.6174714486
93	18.1375359772
94	16.7660672585
95	15.4951094731
96	14.3172905022
97	13.2257790992
98	12.2142452129
99	11.2768232048
100	10.4080777829
101	9.60297242099
102	8.85684010318
103	8.16535620955
104	7.52451339402
105	6.93059830452
106	6.38017001167
107	5.87004002141
108	5.39725374937
109	4.95907336053
110	4.55296186318
111	4.17656837251
112	3.82771445927
113	3.50438148809
114	3.20469890043
115	2.92693334479
116	2.6694786122
117	2.43084630475
118	2.20965719403
119	2.00463320917
END

##############
# h_delta_0.22 # 
##############

#Time 	total case
-1	3.9376867652e-10
1	184.445
2	245.948734796
3	206.2604298
4	185.649359434
5	183.189019017
6	226.209062683
7	440.113464414
8	293.651612699
9	351.660834495
10	426.755339675
11	526.285633501
12	245.128250571
13	466.817427676
14	860.562907708
15	864.24364172
16	775.584665196
17	835.9003137
18	1239.23829526
19	1097.84747816
20	987.08636079
21	1748.17474908
22	1895.81263568
23	2822.50716491
24	3062.38558788
25	2898.27075609
26	2000.17852847
27	2710.4563816
28	3508.54474849
29	4377.91969688
30	3355.22948277
31	3138.44726454
32	2077.87890706
33	1358.10590566
34	2003.83484919
35	2115.86850404
36	2141.38364092
37	1748.27348656
38	1466.46654783
39	1206.77739264
40	1038.74695407
41	982.477556254
42	915.496550511
43	846.275195098
44	780.67377572
45	721.520786923
46	668.937631538
47	620.610783849
48	575.480625336
49	533.246665332
50	493.932513079
51	457.568254613
52	423.961822478
53	392.860546421
54	364.034171935
55	337.300645627
56	312.517084745
57	289.551207851
58	268.273563299
59	248.55906207
60	230.290610164
61	213.361170421
62	197.672744197
63	183.13483074
64	169.663337433
65	157.18004671
66	145.612381742
67	134.893123635
68	124.960041139
69	115.755492486
70	107.226056936
71	99.3222179772
72	91.9980833724
73	85.2111265239
74	78.9219422956
75	73.0940171992
76	67.6935159138
77	62.6890842947
78	58.0516676009
79	53.7543422346
80	49.7721596439
81	46.082001493
82	42.6624453733
83	39.4936403929
84	36.5571919129
85	33.836054754
86	31.3144342267
87	28.9776944126
88	26.812273157
89	24.8056033041
90	22.9460397027
91	21.2227915696
92	19.6258598159
93	18.1459789564
94	16.7745632991
95	15.5036570654
96	14.3258881745
97	13.2344254196
98	12.2229387838
99	11.2855626697
100	10.4168618195
101	9.61179974179
102	8.86570945692
103	8.17426637621
104	7.53346319008
105	6.93958657651
106	6.38919563932
107	5.87910191444
108	5.40635084859
109	4.96820463336
110	4.56212630919
111	4.18576501907
112	3.83694235924
113	3.51363972208
114	3.21398657566
115	2.93624959297
116	2.67882258935
117	2.44021719143
118	2.21905419402
119	2.0140555496
END

##############
# h_delta_0.18 # 
##############

#Time 	total case
-1	3.9376867652e-10
1	184.445
2	245.948734796
3	206.2604298
4	185.649359434
5	183.189019017
6	226.209062683
7	440.113464414
8	293.651612699
9	351.660834495
10	426.755339675
11	526.285633501
12	245.128250571
13	466.817427676
14	860.562907708
15	864.24364172
16	775.584665196
17	835.9003137
18	1239.23829526
19	1097.84747816
20	987.08636079
21	1748.17474908
22	1895.81263568
23	2822.50716491
24	3062.38558788
25	2898.27075609
26	2000.17852847
27	2710.4563816
28	3508.54474849
29	4377.91969688
30	3355.22948277
31	3138.44726454
32	2077.87890706
33	1358.10590566
34	2003.83484919
35	2115.86850404
36	2141.38364092
37	1748.27348656
38	1466.46654783
39	1206.77739264
40	1038.74695407
41	982.477556254
42	915.496550511
43	846.275195098
44	780.67377572
45	721.520786923
46	668.937631538
47	620.610783849
48	575.480625336
49	533.246665332
50	493.932513079
51	457.568254613
52	423.961822478
53	392.860546421
54	364.034171935
55	337.300645627
56	312.517084745
57	289.551207851
58	268.273563299
59	248.55906207
60	230.290610164
61	213.361170421
62	197.672744197
63	183.13483074
64	169.663337433
65	157.18004671
66	145.612381742
67	134.893123635
68	124.960041139
69	115.755492486
70	107.226056936
71	99.3222179772
72	91.9980833724
73	85.2111265239
74	78.9219422956
75	73.0940171992
76	67.6935159138
77	62.6890842947
78	58.0516676009
79	53.7543422346
80	49.7721596439
81	46.082001493
82	42.6624453733
83	39.4936403929
84	36.5571919129
85	33.836054754
86	31.3144342267
87	28.9776944126
88	26.812273157
89	24.8056033041
90	22.9460397027
91	21.2227915696
92	19.6258598159
93	18.1459789564
94	16.7745632991
95	15.5036570654
96	14.3258881745
97	13.2344254196
98	12.2229387838
99	11.2855626697
100	10.4168618195
101	9.61179974179
102	8.86570945692
103	8.17426637621
104	7.53346319008
105	6.93958657651
106	6.38919563932
107	5.87910191444
108	5.40635084859
109	4.96820463336
110	4.56212630919
111	4.18576501907
112	3.83694235924
113	3.51363972208
114	3.21398657566
115	2.93624959297
116	2.67882258935
117	2.44021719143
118	2.21905419402
119	2.0140555496
END

##############
# h_d2_0.0225 # 
##############

#Time 	total case
-1	3.9376867652e-10
1	184.445
2	245.948734796
3	206.260427551
4	185.649353024
5	183.189006512
6	226.209042037
7	440.113433427
8	293.651569013
9	351.660775219
10	426.755261834
11	526.285533613
12	245.128124672
13	466.817271381
14	860.562716102
15	864.243408647
16	775.58438346
17	835.899975653
18	1239.23789253
19	1097.84700106
20	987.085797769
21	1748.17408701
22	1895.81185911
23	2822.50625551
24	3062.38452515
25	2898.26951729
26	2000.17709037
27	2710.45472135
28	3508.54284201
29	4377.91751731
30	3355.22700159
31	3138.4444564
32	2077.87575086
33	1358.10238483
34	2003.8309525
35	2115.86422049
36	2141.37895995
37	1748.26839911
38	1466.46104794
39	1206.77147706
40	1038.74062165
41	982.470807217
42	915.489385615
43	846.267615744
44	780.665784052
45	721.512385815
46	668.928824519
47	620.601574989
48	575.471019163
49	533.236666784
50	493.922127451
51	457.557487523
52	423.950679816
53	392.849034307
54	364.022296681
55	337.288413704
56	312.504502755
57	289.538282497
58	268.260301364
59	248.545470388
60	230.276695602
61	213.346939867
62	197.658204533
63	183.119988834
64	169.648200121
65	157.16462079
66	145.596673956
67	134.877140664
68	124.943789596
69	115.738978907
70	107.209287768
71	99.30519958
72	91.9808220139
73	85.1936283692
74	78.9042134079
75	73.0760635399
76	67.6753433321
77	62.6706985333
78	58.0330742906
79	53.7355468921
80	49.7531676749
81	46.062818188
82	42.6430759118
83	39.4740898383
84	36.5374652152
85	33.8161567514
86	31.2943696477
87	28.9574678715
88	26.7918891605
89	24.785066248
90	22.9253538766
91	21.2019611586
92	19.6048888977
93	18.1248715089
94	16.7533231971
95	15.4822880851
96	14.3043939932
97	13.2128096204
98	12.2012048556
99	11.263714007
100	10.3949017284
101	9.58973144037
102	8.84353607365
103	8.15199095849
104	7.51108869877
105	6.9171158949
106	6.36663156966
107	5.85644718241
108	5.3836081022
109	4.94537645075
110	4.53921519304
111	4.16277340322
112	3.81387260876
113	3.49049413658
114	3.19076738812
115	2.91295897312
116	2.65546264697
117	2.41678997531
118	2.19556169293
119	1.99049969799
END

##############
# h_delta_0.15 # 
##############

#Time 	total case
-1	3.9376867652e-10
1	184.445
2	245.948734796
3	206.2604298
4	185.649359434
5	183.189019017
6	226.209062683
7	440.113464414
8	293.651612699
9	351.660834495
10	426.755339675
11	526.285633501
12	245.128250571
13	466.817427676
14	860.562907708
15	864.24364172
16	775.584665196
17	835.9003137
18	1239.23829526
19	1097.84747816
20	987.08636079
21	1748.17474908
22	1895.81263568
23	2822.50716491
24	3062.38558788
25	2898.27075609
26	2000.17852847
27	2710.4563816
28	3508.54474849
29	4377.91969688
30	3355.22948277
31	3138.44726454
32	2077.87890706
33	1358.10590566
34	2003.83484919
35	2115.86850404
36	2141.38364092
37	1748.27348656
38	1466.46654783
39	1206.77739264
40	1038.74695407
41	982.477556254
42	915.496550511
43	846.275195098
44	780.67377572
45	721.520786923
46	668.937631538
47	620.610783849
48	575.480625336
49	533.246665332
50	493.932513079
51	457.568254613
52	423.961822478
53	392.860546421
54	364.034171935
55	337.300645627
56	312.517084745
57	289.551207851
58	268.273563299
59	248.55906207
60	230.290610164
61	213.361170421
62	197.672744197
63	183.13483074
64	169.663337433
65	157.18004671
66	145.612381742
67	134.893123635
68	124.960041139
69	115.755492486
70	107.226056936
71	99.3222179772
72	91.9980833724
73	85.2111265239
74	78.9219422956
75	73.0940171992
76	67.6935159138
77	62.6890842947
78	58.0516676009
79	53.7543422346
80	49.7721596439
81	46.082001493
82	42.6624453733
83	39.4936403929
84	36.5571919129
85	33.836054754
86	31.3144342267
87	28.9776944126
88	26.812273157
89	24.8056033041
90	22.9460397027
91	21.2227915696
92	19.6258598159
93	18.1459789564
94	16.7745632991
95	15.5036570654
96	14.3258881745
97	13.2344254196
98	12.2229387838
99	11.2855626697
100	10.4168618195
101	9.61179974179
102	8.86570945692
103	8.17426637621
104	7.53346319008
105	6.93958657651
106	6.38919563932
107	5.87910191444
108	5.40635084859
109	4.96820463336
110	4.56212630919
111	4.18576501907
112	3.83694235924
113	3.51363972208
114	3.21398657566
115	2.93624959297
116	2.67882258935
117	2.44021719143
118	2.21905419402
119	2.0140555496
END

##############
# h_mu_0.0375 # 
##############

#Time 	total case
-1	3.9376867652e-10
1	184.445
2	245.948734796
3	206.260418217
4	185.649320581
5	183.188941339
6	226.208937148
7	440.113283048
8	293.651365113
9	351.660495629
10	426.754897388
11	526.285072824
12	245.127552609
13	466.816568033
14	860.561885539
15	864.242441171
16	775.583243359
17	835.898631176
18	1239.23632324
19	1097.84518693
20	987.083694993
21	1748.17167035
22	1895.80911919
23	2822.50313504
24	3062.38096541
25	2898.26540101
26	2000.17229323
27	2710.44914554
28	3508.53646781
29	4377.91028224
30	3355.21878912
31	3138.43509679
32	2077.8651526
33	1358.09047747
34	2003.81774843
35	2115.84977957
36	2141.36329347
37	1748.25150615
38	1466.44292566
39	1206.75214868
40	1038.72012853
41	982.449207254
42	915.466744661
43	846.243999941
44	780.641260278
45	721.487021614
46	668.902687711
47	620.574733128
48	575.443539145
49	533.208614594
50	493.893567977
51	457.528484385
52	423.921295195
53	392.819328797
54	363.99232916
55	337.258241248
56	312.474180558
57	289.507863809
58	268.229837454
59	248.515010505
60	230.246286963
61	213.316627638
62	197.628031837
63	183.08999676
64	169.618427742
65	157.135105181
66	145.567450229
67	134.848241997
68	124.915247271
69	115.710822353
70	107.181544608
71	99.2778956705
72	91.9539814992
73	85.1672737323
74	78.8783655171
75	73.0507417031
76	67.6505653529
77	62.6464807584
78	58.0094316684
79	53.712493022
80	49.7307148628
81	46.040977498
82	42.6218572144
83	39.4535018655
84	36.5175156109
85	33.7968521176
86	31.2757155922
87	28.9394690592
88	26.7745493544
89	24.7683883578
90	22.9093399999
91	21.186612623
92	19.5902063041
93	18.1108547681
94	16.7399715697
95	15.4696002192
96	14.29236796
97	13.2014429474
98	12.1904945632
99	11.2536566363
100	10.3854933753
101	9.58096778374
102	8.8354124061
103	8.14450220981
104	7.5042294647
105	6.91088046148
106	6.36101393774
107	5.85144108985
108	5.37920704817
109	4.94157371354
110	4.53600385009
111	4.1601463532
112	3.81182258828
113	3.48901373461
114	3.18984906483
115	2.91259507768
116	2.65564542751
117	2.41751159662
118	2.19681424764
119	1.99227521878
END

##############
# h_d2_0.03 # 
##############

#Time 	total case
-1	3.9376867652e-10
1	184.445
2	245.948734796
3	206.2604298
4	185.649359434
5	183.189019017
6	226.209062683
7	440.113464414
8	293.651612699
9	351.660834495
10	426.755339675
11	526.285633501
12	245.128250571
13	466.817427676
14	860.562907708
15	864.24364172
16	775.584665196
17	835.9003137
18	1239.23829526
19	1097.84747816
20	987.08636079
21	1748.17474908
22	1895.81263568
23	2822.50716491
24	3062.38558788
25	2898.27075609
26	2000.17852847
27	2710.4563816
28	3508.54474849
29	4377.91969688
30	3355.22948277
31	3138.44726454
32	2077.87890706
33	1358.10590566
34	2003.83484919
35	2115.86850404
36	2141.38364092
37	1748.27348656
38	1466.46654783
39	1206.77739264
40	1038.74695407
41	982.477556254
42	915.496550511
43	846.275195098
44	780.67377572
45	721.520786923
46	668.937631538
47	620.610783849
48	575.480625336
49	533.246665332
50	493.932513079
51	457.568254613
52	423.961822478
53	392.860546421
54	364.034171935
55	337.300645627
56	312.517084745
57	289.551207851
58	268.273563299
59	248.55906207
60	230.290610164
61	213.361170421
62	197.672744197
63	183.13483074
64	169.663337433
65	157.18004671
66	145.612381742
67	134.893123635
68	124.960041139
69	115.755492486
70	107.226056936
71	99.3222179772
72	91.9980833724
73	85.2111265239
74	78.9219422956
75	73.0940171992
76	67.6935159138
77	62.6890842947
78	58.0516676009
79	53.7543422346
80	49.7721596439
81	46.082001493
82	42.6624453733
83	39.4936403929
84	36.5571919129
85	33.836054754
86	31.3144342267
87	28.9776944126
88	26.812273157
89	24.8056033041
90	22.9460397027
91	21.2227915696
92	19.6258598159
93	18.1459789564
94	16.7745632991
95	15.5036570654
96	14.3258881745
97	13.2344254196
98	12.2229387838
99	11.2855626697
100	10.4168618195
101	9.61179974179
102	8.86570945692
103	8.17426637621
104	7.53346319008
105	6.93958657651
106	6.38919563932
107	5.87910191444
108	5.40635084859
109	4.96820463336
110	4.56212630919
111	4.18576501907
112	3.83694235924
113	3.51363972208
114	3.21398657566
115	2.93624959297
116	2.67882258935
117	2.44021719143
118	2.21905419402
119	2.0140555496
END

##############
# h_mu_0.027 # 
##############

#Time 	total case
-1	3.9376867652e-10
1	184.445
2	245.948734796
3	206.260434434
4	185.649375024
5	183.1890503
6	226.209113426
7	440.113538005
8	293.651713512
9	351.660972812
10	426.755520708
11	526.285863637
12	245.128537816
13	466.817782308
14	860.563330669
15	864.244139947
16	775.585256495
17	835.901014635
18	1239.23911831
19	1097.84843624
20	987.087477205
21	1748.17604051
22	1895.81411352
23	2822.50886094
24	3062.38753561
25	2898.27301361
26	2000.18115744
27	2710.45943343
28	3508.5482443
29	4377.92367606
30	3355.23400739
31	3138.45241705
32	2077.88473773
33	1358.11245476
34	2003.84212186
35	2115.87648635
36	2141.39233776
37	1748.28290705
38	1466.47670041
39	1206.78827419
40	1038.75855315
41	982.489853947
42	915.509524166
43	846.288821306
44	780.688030093
45	721.535644137
46	668.953065524
47	620.626768064
48	575.497132958
49	533.263669398
50	493.949986579
51	457.586170595
52	423.980154145
53	392.879267223
54	364.053255643
55	337.320066405
56	312.5368172
57	289.571227083
58	268.293844946
59	248.579582339
60	230.311345867
61	213.382098998
62	197.69384373
63	183.156079976
64	169.684715792
65	157.201534293
66	145.633959336
67	134.914772717
68	124.981743873
69	115.777231723
70	107.247816205
71	99.3439814826
72	92.0198359859
73	85.2328537744
74	78.9436303568
75	73.1156528829
76	67.7150866533
77	62.7105781332
78	58.0730731775
79	53.7756487687
80	49.7933569263
81	46.1030798625
82	42.68339571
83	39.5144540962
84	36.5778608879
85	33.8565713986
86	31.3347914135
87	28.9978854745
88	26.8322918707
89	24.8254438757
90	22.9656967533
91	21.2422601205
92	19.6451352715
93	18.1650570936
94	16.7934402489
95	15.5223293015
96	14.3443525014
97	13.2526789546
98	12.2409789504
99	11.3033871766
100	10.4344686551
101	9.62918716064
102	8.88287596451
103	8.19121072323
104	7.55018435694
105	6.95608376335
106	6.40546825826
107	5.89514957515
108	5.42217335162
109	4.98380196017
110	4.57749861226
111	4.20091261389
112	3.8518657135
113	3.52833945103
114	3.22846343227
115	2.9505044589
116	2.69285646956
117	2.45403120627
118	2.2326495727
119	2.02743362346
END

##############
# h_d2_0.0375 # 
##############

#Time 	total case
-1	3.9376867652e-10
1	184.445
2	245.948734796
3	206.260432051
4	185.649365845
5	183.189031523
6	226.209083327
7	440.113495402
8	293.651656385
9	351.660893772
10	426.755417517
11	526.285733391
12	245.12837647
13	466.817583973
14	860.563099314
15	864.243874794
16	775.584946933
17	835.900651746
18	1239.23869799
19	1097.84795525
20	987.086923811
21	1748.17541114
22	1895.81341225
23	2822.5080743
24	3062.3866506
25	2898.27199489
26	2000.17996657
27	2710.45804185
28	3508.54665497
29	4377.92187644
30	3355.23196395
31	3138.45007267
32	2077.88206326
33	1358.10942648
34	2003.83874587
35	2115.8727876
36	2141.38832188
37	1748.27857401
38	1466.47204772
39	1206.78330821
40	1038.75328649
41	982.484305292
42	915.503715407
43	846.282774452
44	780.681767389
45	721.529188032
46	668.946438557
47	620.61999271
48	575.490231507
49	533.256663881
50	493.942898706
51	457.579021701
52	423.972965139
53	392.872058536
54	364.046047189
55	337.31287755
56	312.529666736
57	289.564133205
58	268.286825236
59	248.572653754
60	230.304524725
61	213.375400976
62	197.687283861
63	183.149672646
64	169.678474744
65	157.19547263
66	145.628089528
67	134.909106605
68	124.97629268
69	115.772006067
70	107.242826105
71	99.3392363733
72	92.0153447322
73	85.2286246798
74	78.9396711821
75	73.1119708596
76	67.7116884944
77	62.7074700561
78	58.0702609122
79	53.7731375771
80	49.7911516129
81	46.1011847969
82	42.6818148348
83	39.5131909487
84	36.5769186106
85	33.8559527544
86	31.3344988057
87	28.9979209538
88	26.8326571535
89	24.8261403602
90	22.9667255278
91	21.2436219817
92	19.646830733
93	18.1670864038
94	16.795803401
95	15.5250260458
96	14.3473823548
97	13.2560412177
98	12.2446727131
99	11.3074113323
100	10.4388219096
101	9.6338680443
102	8.8878828391
103	8.19654179394
104	7.55583768027
105	6.96205725698
106	6.41175970899
107	5.9017566476
108	5.42909359386
109	4.99103281707
110	4.58503742647
111	4.20875663601
112	3.86001210968
113	3.53678530871
114	3.2372057632
115	2.95954021171
116	2.70218253061
117	2.46364440757
118	2.24254669508
119	2.03761140234
END

##############
# h_d2_0.033 # 
##############

#Time 	total case
-1	3.9376867652e-10
1	184.445
2	245.948734796
3	206.260430701
4	185.649361998
5	183.18902402
6	226.20907094
7	440.113476809
8	293.651630173
9	351.660858206
10	426.755370812
11	526.285673457
12	245.128300931
13	466.817490195
14	860.56298435
15	864.24373495
16	775.584777892
17	835.900448918
18	1239.23845635
19	1097.84766899
20	987.086585998
21	1748.1750139
22	1895.81294631
23	2822.50752867
24	3062.38601297
25	2898.27125161
26	2000.17910371
27	2710.4570457
28	3508.54551108
29	4377.9205687
30	3355.23047524
31	3138.44838779
32	2077.88016954
33	1358.10731399
34	2003.83640786
35	2115.87021746
36	2141.3855133
37	1748.27552154
38	1466.46874778
39	1206.77975887
40	1038.74948704
41	982.480255869
42	915.499416469
43	846.27822684
44	780.676972388
45	721.524147366
46	668.941154346
47	620.614467393
48	575.484467804
49	533.250664752
50	493.93666733
51	457.572561449
52	423.966279543
53	392.865151268
54	364.038922036
55	337.305538396
56	312.522117542
57	289.556377992
58	268.278868074
59	248.564498744
60	230.296175988
61	213.366862643
62	197.678560062
63	183.140767502
64	169.669392358
65	157.186217078
66	145.618664856
67	134.899516822
68	124.966541755
69	115.762097919
70	107.232764604
71	99.3290253352
72	92.0049879166
73	85.2181257867
74	78.9290338495
75	73.1011986633
76	67.7007849461
77	62.6964385995
78	58.0591049259
79	53.7618603707
80	49.7797564319
81	46.0896748148
82	42.6701931583
83	39.501460615
84	36.5650825913
85	33.8440139535
86	31.3224600585
87	28.9857850291
88	26.8204267558
89	24.8138181263
90	22.9543140325
91	21.2311237345
92	19.6342481821
93	18.1544219356
94	16.7830593407
95	15.5122046578
96	14.3344858468
97	13.2430717388
98	12.2316323557
99	11.2943021345
100	10.4256458551
101	9.62062706258
102	8.87457880957
103	8.18317654397
104	7.54241298613
105	6.94857484849
106	6.39822126697
107	5.88816380748
108	5.4154479467
109	4.97733590729
110	4.57129075633
111	4.19496166562
112	3.84617025919
113	3.52289795718
114	3.22327425089
115	2.94556584003
116	2.68816656541
117	2.4495880781
118	2.22845119399
119	2.02347789115
END

##############
# h_mu_0.03 # 
##############

#Time 	total case
-1	3.9376867652e-10
1	184.445
2	245.948734796
3	206.2604298
4	185.649359434
5	183.189019017
6	226.209062683
7	440.113464414
8	293.651612699
9	351.660834495
10	426.755339675
11	526.285633501
12	245.128250571
13	466.817427676
14	860.562907708
15	864.24364172
16	775.584665196
17	835.9003137
18	1239.23829526
19	1097.84747816
20	987.08636079
21	1748.17474908
22	1895.81263568
23	2822.50716491
24	3062.38558788
25	2898.27075609
26	2000.17852847
27	2710.4563816
28	3508.54474849
29	4377.91969688
30	3355.22948277
31	3138.44726454
32	2077.87890706
33	1358.10590566
34	2003.83484919
35	2115.86850404
36	2141.38364092
37	1748.27348656
38	1466.46654783
39	1206.77739264
40	1038.74695407
41	982.477556254
42	915.496550511
43	846.275195098
44	780.67377572
45	721.520786923
46	668.937631538
47	620.610783849
48	575.480625336
49	533.246665332
50	493.932513079
51	457.568254613
52	423.961822478
53	392.860546421
54	364.034171935
55	337.300645627
56	312.517084745
57	289.551207851
58	268.273563299
59	248.55906207
60	230.290610164
61	213.361170421
62	197.672744197
63	183.13483074
64	169.663337433
65	157.18004671
66	145.612381742
67	134.893123635
68	124.960041139
69	115.755492486
70	107.226056936
71	99.3222179772
72	91.9980833724
73	85.2111265239
74	78.9219422956
75	73.0940171992
76	67.6935159138
77	62.6890842947
78	58.0516676009
79	53.7543422346
80	49.7721596439
81	46.082001493
82	42.6624453733
83	39.4936403929
84	36.5571919129
85	33.836054754
86	31.3144342267
87	28.9776944126
88	26.812273157
89	24.8056033041
90	22.9460397027
91	21.2227915696
92	19.6258598159
93	18.1459789564
94	16.7745632991
95	15.5036570654
96	14.3258881745
97	13.2344254196
98	12.2229387838
99	11.2855626697
100	10.4168618195
101	9.61179974179
102	8.86570945692
103	8.17426637621
104	7.53346319008
105	6.93958657651
106	6.38919563932
107	5.87910191444
108	5.40635084859
109	4.96820463336
110	4.56212630919
111	4.18576501907
112	3.83694235924
113	3.51363972208
114	3.21398657566
115	2.93624959297
116	2.67882258935
117	2.44021719143
118	2.21905419402
119	2.0140555496
END

##############
# h_delta_0.2 # 
##############

#Time 	total case
-1	3.9376867652e-10
1	184.445
2	245.948734796
3	206.2604298
4	185.649359434
5	183.189019017
6	226.209062683
7	440.113464414
8	293.651612699
9	351.660834495
10	426.755339675
11	526.285633501
12	245.128250571
13	466.817427676
14	860.562907708
15	864.24364172
16	775.584665196
17	835.9003137
18	1239.23829526
19	1097.84747816
20	987.08636079
21	1748.17474908
22	1895.81263568
23	2822.50716491
24	3062.38558788
25	2898.27075609
26	2000.17852847
27	2710.4563816
28	3508.54474849
29	4377.91969688
30	3355.22948277
31	3138.44726454
32	2077.87890706
33	1358.10590566
34	2003.83484919
35	2115.86850404
36	2141.38364092
37	1748.27348656
38	1466.46654783
39	1206.77739264
40	1038.74695407
41	982.477556254
42	915.496550511
43	846.275195098
44	780.67377572
45	721.520786923
46	668.937631538
47	620.610783849
48	575.480625336
49	533.246665332
50	493.932513079
51	457.568254613
52	423.961822478
53	392.860546421
54	364.034171935
55	337.300645627
56	312.517084745
57	289.551207851
58	268.273563299
59	248.55906207
60	230.290610164
61	213.361170421
62	197.672744197
63	183.13483074
64	169.663337433
65	157.18004671
66	145.612381742
67	134.893123635
68	124.960041139
69	115.755492486
70	107.226056936
71	99.3222179772
72	91.9980833724
73	85.2111265239
74	78.9219422956
75	73.0940171992
76	67.6935159138
77	62.6890842947
78	58.0516676009
79	53.7543422346
80	49.7721596439
81	46.082001493
82	42.6624453733
83	39.4936403929
84	36.5571919129
85	33.836054754
86	31.3144342267
87	28.9776944126
88	26.812273157
89	24.8056033041
90	22.9460397027
91	21.2227915696
92	19.6258598159
93	18.1459789564
94	16.7745632991
95	15.5036570654
96	14.3258881745
97	13.2344254196
98	12.2229387838
99	11.2855626697
100	10.4168618195
101	9.61179974179
102	8.86570945692
103	8.17426637621
104	7.53346319008
105	6.93958657651
106	6.38919563932
107	5.87910191444
108	5.40635084859
109	4.96820463336
110	4.56212630919
111	4.18576501907
112	3.83694235924
113	3.51363972208
114	3.21398657566
115	2.93624959297
116	2.67882258935
117	2.44021719143
118	2.21905419402
119	2.0140555496
END

##############
# h_mu_0.033 # 
##############

#Time 	total case
-1	3.9376867652e-10
1	184.445
2	245.948734796
3	206.260425167
4	185.649343872
5	183.188987857
6	226.209012242
7	440.113391422
8	293.651512907
9	351.660697771
10	426.755161011
11	526.285406744
12	245.127967972
13	466.817079261
14	860.562492885
15	864.243153902
16	775.584086953
17	835.899628936
18	1239.23749206
19	1097.8465442
20	987.085273454
21	1748.17349246
22	1895.81119925
23	2822.50551779
24	3062.38369762
25	2898.26856583
26	2000.17597809
27	2710.45342154
28	3508.54135973
29	4377.91584216
30	3355.22510241
31	3138.44227868
32	2077.87326851
33	1358.09957735
34	2003.82782928
35	2115.8608098
36	2141.37527052
37	1748.26443397
38	1466.45680754
39	1206.76697072
40	1038.73586476
41	982.465821123
42	915.484194653
43	846.262244161
44	780.660256109
45	721.506725768
46	668.923056502
47	620.595722861
48	575.465106397
49	533.230716392
50	493.916161931
51	457.551528809
52	423.944749233
53	392.84315253
54	364.0164837
55	337.282688801
56	312.498884485
57	289.532788675
58	268.254949053
59	248.540275896
60	230.271674484
61	213.342106915
62	197.65357379
63	183.1155736
64	169.644012961
65	157.16067354
66	145.592977746
67	134.873705923
68	124.94062607
69	115.736095676
70	107.206693266
71	99.3029016057
72	91.9788277555
73	85.1919444218
74	78.9028457908
75	73.0750177161
76	67.6746242301
77	62.6703105632
78	58.0330213674
79	53.7358324518
80	49.753794695
81	46.0637892055
82	42.6443930433
83	39.4757547984
84	36.5394793326
85	33.8185209887
86	31.2970846155
87	28.9605338508
88	26.7953061141
89	24.7888338389
90	22.9294714827
91	21.2064278903
92	19.6097036081
93	18.1300328122
94	16.7588294825
95	15.4881375241
96	14.3105845621
97	13.2193391036
98	12.2080708652
99	11.2709139888
100	10.4024329761
101	9.59759110452
102	8.85172117378
103	8.16049839206
104	7.51991525004
105	6.92625824486
106	6.37608630495
107	5.86621080308
108	5.39367702954
109	4.95574703605
110	4.54988372319
111	4.17373610957
112	3.82512567169
113	3.50203369418
114	3.2025895385
115	2.9250597856
116	2.66783816193
117	2.42943621198
118	2.20847465617
119	2.0036753771
END

##############
# h_tau_6 # 
##############

#Time 	total case
-1	3.9376867652e-10
1	184.445
2	245.948734796
3	206.2604298
4	185.649359434
5	183.189019017
6	226.209062683
7	375.461148492
8	261.177118955
9	316.529697534
10	385.579608485
11	477.548409731
12	215.255402862
13	401.507316551
14	716.571228033
15	708.104386726
16	633.092540852
17	679.606960169
18	969.684165267
19	843.489593902
20	759.338388423
21	1332.02623077
22	1417.48382287
23	2109.84816504
24	2294.25959792
25	2157.28266908
26	1480.89902683
27	2031.09389375
28	2653.60307711
29	3402.0962618
30	2687.32281418
31	2583.2901436
32	1760.57639679
33	1123.68025256
34	1645.4025135
35	1757.68403259
36	1798.56215646
37	1497.68309419
38	1265.52931495
39	1033.07451758
40	894.875123941
41	857.257249652
42	813.168308287
43	761.603356276
44	707.662897593
45	654.960286623
46	607.608907202
47	566.206484453
48	528.958699886
49	494.336222152
50	461.592470514
51	430.467950638
52	401.139522068
53	373.804451558
54	348.452745785
55	324.933402834
56	303.055798841
57	282.643149643
58	263.570531206
59	245.756415567
60	229.134621734
61	213.63807025
62	199.195263176
63	185.73246432
64	173.178996118
65	161.470685448
66	150.54999851
67	140.364630312
68	130.866047177
69	122.008524392
70	113.748871205
71	106.046532712
72	98.8636838405
73	92.1651726276
74	85.9183385509
75	80.0927771997
76	74.6601262511
77	69.5939037176
78	64.8693872841
79	60.4635124306
80	56.3547739269
81	52.5231249954
82	48.949876624
83	45.6176018768
84	42.5100480408
85	39.6120568143
86	36.9094912323
87	34.3891677722
88	32.0387926182
89	29.8469017227
90	27.8028046306
91	25.8965320869
92	24.1187872701
93	22.4609004452
94	20.9147867147
95	19.4729066201
96	18.1282293656
97	16.8741985026
98	15.7046999148
99	14.6140319646
100	13.5968776663
101	12.6482787345
102	11.7636113914
103	10.9385637962
104	10.1691150038
105	9.45151533804
106	8.78226808838
107	8.15811244093
108	7.57600756485
109	7.03311777033
110	6.5267986639
111	6.05458424991
112	5.61417488509
113	5.20342606011
114	4.82033793093
115	4.46304556026
116	4.12980980987
117	3.81900886099
118	3.52913029146
119	3.25876369864
END

##############
# h_tau_7 # 
##############

#Time 	total case
-1	3.9376867652e-10
1	184.445
2	245.948734796
3	206.2604298
4	185.649359434
5	183.189019017
6	226.209062683
7	375.461148492
8	220.170572483
9	278.740339842
10	344.548796295
11	429.25333771
12	194.623151218
13	368.224248494
14	656.248474955
15	608.556124856
16	527.178116797
17	559.015010303
18	797.928919244
19	675.283023084
20	609.915914363
21	1089.85545074
22	1146.12429702
23	1660.40655591
24	1804.43068317
25	1708.42007547
26	1160.63838118
27	1584.49371018
28	2112.24493809
29	2744.0063798
30	2223.54730499
31	2200.21550299
32	1543.39425069
33	1009.96531532
34	1442.22418109
35	1521.58017285
36	1565.13722064
37	1310.57187867
38	1125.10936088
39	928.79312693
40	804.470651971
41	776.160888942
42	743.378577207
43	705.610022975
44	661.746536604
45	616.921835265
46	573.456577963
47	534.009125906
48	499.799017049
49	469.360660034
50	441.473570942
51	415.057691197
52	389.729269078
53	365.398372195
54	342.241682292
55	320.514557459
56	300.284130629
57	281.489903433
58	263.982423572
59	247.606215078
60	232.228468861
61	217.759447203
62	204.151227578
63	191.371735232
64	179.389637957
65	168.165880064
66	157.654665772
67	147.806928868
68	138.575016284
69	129.916317065
70	121.793736789
71	114.174664345
72	107.029353598
73	100.329720655
74	94.0487061214
75	88.1602028359
76	82.63933737
77	77.462739512
78	72.6086611998
79	68.0569202696
80	63.7887429575
81	59.7865782415
82	56.0339425213
83	52.5153216755
84	49.2161178806
85	46.1226181698
86	43.2219640063
87	40.5021121989
88	37.9517862585
89	35.5604229537
90	33.3181203821
91	31.2155914482
92	29.2441237036
93	27.3955443586
94	25.6621886373
95	24.0368699022
96	22.5128507638
97	21.0838150926
98	19.7438412889
99	18.4873771303
100	17.3092163828
101	16.2044771264
102	15.1685816152
103	14.1972374678
104	13.2864199986
105	12.4323555834
106	11.6315059955
107	10.8805536914
108	10.1763880052
109	9.51609222684
110	8.89693150001
111	8.31634149186
112	7.77191776647
113	7.26140582581
114	6.78269176268
115	6.33379348795
116	5.91285251218
117	5.51812623107
118	5.14798070099
119	4.80088385363
END

##############
# h_tau_4 # 
##############

#Time 	total case
-1	3.9376867652e-10
1	184.445
2	245.948734796
3	206.2604298
4	185.649359434
5	183.189019017
6	266.988237355
7	498.536541001
8	327.66176465
9	390.333200634
10	496.231915602
11	646.734997565
12	296.949021752
13	576.84001459
14	1085.61709983
15	1117.76647214
16	1019.33705548
17	1149.48365896
18	1740.61929573
19	1538.93491508
20	1397.72713179
21	2551.55023169
22	2801.88240784
23	4154.22217505
24	4520.04251631
25	4326.02898943
26	2960.29553712
27	3964.98426264
28	4991.63895758
29	6066.44571595
30	4519.78942084
31	4096.0186847
32	2763.56459889
33	1807.23076951
34	2620.72005638
35	2725.24983605
36	2713.87227444
37	2212.23834055
38	1866.8663487
39	1519.32818856
40	1285.37504158
41	1191.86982899
42	1098.18493083
43	1008.79125299
44	926.802997617
45	852.488587484
46	784.298047663
47	721.407958652
48	663.449613595
49	610.15283754
50	561.156856018
51	516.096166818
52	474.643885491
53	436.513222166
54	401.441037165
55	369.182685583
56	339.511929412
57	312.221002595
58	287.119129135
59	264.030855845
60	242.794709156
61	223.262125607
62	205.296457291
63	188.772020156
64	173.573206885
65	159.593677041
66	146.73561609
67	134.909053572
68	124.031234691
69	114.026041869
70	104.823462737
71	96.3591008206
72	88.5737253855
73	81.4128572957
74	74.8263880261
75	68.7682291854
76	63.1959901318
77	58.0706814125
78	53.3564419603
79	49.0202881663
80	45.0318830532
81	41.363323966
82	37.9889472738
83	34.8851487351
84	32.030218268
85	29.4041879744
86	26.9886923447
87	24.7668396853
88	22.7230938511
89	20.8431654728
90	19.1139119019
91	17.5232451918
92	16.0600474541
93	14.714093012
94	13.4759767978
95	12.3370484925
96	11.2893519545
97	10.3255695111
98	9.43897071255
99	8.62336520685
100	7.87305939043
101	7.18281654065
102	6.54782014828
103	5.96364019271
104	5.42620211825
105	4.93175831184
106	4.47686185713
107	4.05834240704
108	3.67328398007
109	3.31900455231
110	2.99303727591
111	2.69311321243
112	2.41714544912
113	2.16321448826
114	1.92955481367
115	1.71454253275
116	1.51668401103
117	1.33460541755
118	1.16704311108
119	1.01283479862
END

##############
# h_tau_5 # 
##############

#Time 	total case
-1	3.9376867652e-10
1	184.445
2	245.948734796
3	206.2604298
4	185.649359434
5	183.189019017
6	226.209062683
7	440.113464414
8	293.651612699
9	351.660834495
10	426.755339675
11	526.285633501
12	245.128250571
13	466.817427676
14	860.562907708
15	864.24364172
16	775.584665196
17	835.9003137
18	1239.23829526
19	1097.84747816
20	987.08636079
21	1748.17474908
22	1895.81263568
23	2822.50716491
24	3062.38558788
25	2898.27075609
26	2000.17852847
27	2710.4563816
28	3508.54474849
29	4377.91969688
30	3355.22948277
31	3138.44726454
32	2077.87890706
33	1358.10590566
34	2003.83484919
35	2115.86850404
36	2141.38364092
37	1748.27348656
38	1466.46654783
39	1206.77739264
40	1038.74695407
41	982.477556254
42	915.496550511
43	846.275195098
44	780.67377572
45	721.520786923
46	668.937631538
47	620.610783849
48	575.480625336
49	533.246665332
50	493.932513079
51	457.568254613
52	423.961822478
53	392.860546421
54	364.034171935
55	337.300645627
56	312.517084745
57	289.551207851
58	268.273563299
59	248.55906207
60	230.290610164
61	213.361170421
62	197.672744197
63	183.13483074
64	169.663337433
65	157.18004671
66	145.612381742
67	134.893123635
68	124.960041139
69	115.755492486
70	107.226056936
71	99.3222179772
72	91.9980833724
73	85.2111265239
74	78.9219422956
75	73.0940171992
76	67.6935159138
77	62.6890842947
78	58.0516676009
79	53.7543422346
80	49.7721596439
81	46.082001493
82	42.6624453733
83	39.4936403929
84	36.5571919129
85	33.836054754
86	31.3144342267
87	28.9776944126
88	26.812273157
89	24.8056033041
90	22.9460397027
91	21.2227915696
92	19.6258598159
93	18.1459789564
94	16.7745632991
95	15.5036570654
96	14.3258881745
97	13.2344254196
98	12.2229387838
99	11.2855626697
100	10.4168618195
101	9.61179974179
102	8.86570945692
103	8.17426637621
104	7.53346319008
105	6.93958657651
106	6.38919563932
107	5.87910191444
108	5.40635084859
109	4.96820463336
110	4.56212630919
111	4.18576501907
112	3.83694235924
113	3.51363972208
114	3.21398657566
115	2.93624959297
116	2.67882258935
117	2.44021719143
118	2.21905419402
119	2.0140555496
END

##############
# h_data # 
##############

#Time 	total case
0	240
1	18
2	145
3	128
4	84
5	369
6	270
7	266
8	300
9	431
10	361
11	808
12	769
13	1280
14	322
15	1489
16	1445
17	1095
18	1865
19	1587
20	1377
21	1571
22	1493
23	2171
24	2380
25	3251
26	1691
27	1555
28	1942
29	1643
30	2543
31	3409
32	1117
33	1592
34	1154
35	1047
36	1565
37	1292
38	1455
39	1598
40	1337
END
